acc_avg_test,acc_slide:0,count_slide:0,acc_slide:1,count_slide:1,acc_slide:2,count_slide:2,acc_slide:3,count_slide:3,acc_slide:4,count_slide:4,acc_slide:5,count_slide:5,acc_slide:6,count_slide:6,acc_slide:7,count_slide:7,acc_slide:8,count_slide:8,acc_slide:9,count_slide:9,acc_slide:10,count_slide:10,acc_slide:11,count_slide:11,acc_slide:12,count_slide:12,acc_slide:13,count_slide:13,acc_slide:14,count_slide:14,acc_slide:15,count_slide:15,acc_slide:16,count_slide:16,acc_slide:17,count_slide:17,acc_slide:18,count_slide:18,acc_slide:19,count_slide:19,acc_slide:20,count_slide:20,acc_slide:21,count_slide:21,acc_slide:22,count_slide:22,acc_slide:23,count_slide:23,acc_slide:24,count_slide:24,acc_slide:25,count_slide:25,acc_slide:26,count_slide:26,acc_slide:27,count_slide:27,acc_slide:28,count_slide:28,acc_slide:29,count_slide:29,acc_slide:30,count_slide:30,acc_slide:31,count_slide:31,acc_slide:32,count_slide:32,acc_slide:33,count_slide:33,acc_slide:34,count_slide:34,acc_slide:35,count_slide:35,acc_slide:36,count_slide:36,acc_slide:37,count_slide:37,acc_slide:38,count_slide:38,acc_slide:39,count_slide:39,acc_slide:40,count_slide:40,acc_slide:41,count_slide:41,acc_slide:42,count_slide:42,acc_slide:43,count_slide:43,acc_slide:44,count_slide:44,acc_slide:45,count_slide:45,acc_slide:46,count_slide:46,acc_slide:47,count_slide:47,acc_slide:48,count_slide:48,acc_slide:49,count_slide:49,acc_wg_test,acc_avg_val,acc_wg_val,acc_avg_idval,acc_wg_idval,epoch,step,acc_avg_train,acc_wg_train
0.7034707069396973,0.30898019671440125,146.0,0.3112535774707794,156.0,0.2828507721424103,149.6666717529297,0.3226874768733978,469.6666564941406,0.31848660111427307,232.0,0.284030020236969,103.66666412353516,0.3070942759513855,114.33333587646484,0.31526103615760803,55.33333206176758,0.3118923008441925,445.6666564941406,0.26988157629966736,131.3333282470703,0.251684308052063,692.6666870117188,0.15745051205158234,1790.3333740234375,0.2877810299396515,568.3333129882812,0.3200371563434601,3468.0,0.29542043805122375,296.0,0.31793662905693054,988.6666870117188,0.277476042509079,1657.0,0.2676444947719574,886.3333129882812,0.2705882489681244,425.0,0.26658937335014343,862.3333129882812,0.2603674530982971,1270.0,0.210702046751976,1231.3333740234375,0.23938973248004913,2403.333251953125,0.23821230232715607,1762.6666259765625,0.2615935504436493,2575.666748046875,0.215043842792511,1444.6666259765625,0.24351245164871216,1271.6666259765625,0.2229294776916504,1518.6666259765625,0.2505071461200714,10626.0,0.18087166547775269,4247.33349609375,0.3258427083492279,356.0,0.3252279460430145,109.66666412353516,0.31758832931518555,289.3333435058594,0.3234323561191559,134.6666717529297,0.3076285421848297,134.0,0.29051491618156433,205.0,0.3250793516635895,350.0,0.3196517527103424,178.6666717529297,0.31841662526130676,1914.3333740234375,0.31223174929618835,621.3333129882812,0.3173803389072418,264.6666564941406,0.3175381124019623,408.0,0.3136998116970062,254.6666717529297,0.3199481964111328,257.3333435058594,0.31848183274269104,269.3333435058594,0.2696574926376343,230.3333282470703,0.3016795814037323,172.0,0.3208901584148407,464.3333435058594,0.32136666774749756,1987.0,0.31616103649139404,582.3333129882812,0.5426149964332581,0.8182443380355835,0.4723515212535858,0.9459773302078247,0.8089724779129028,0,1181,,
,0.8228468298912048,3878.0,0.8387018442153931,4129.0,0.7294967770576477,3597.0,0.8879620432853699,12228.0,0.8701121807098389,6598.0,0.808748722076416,2949.0,0.825875461101532,3084.0,0.8531468510627747,1430.0,0.8292622566223145,12118.0,0.731107234954834,3414.0,0.0,0.0,0.0,0.0,0.0,0.0,0.0,0.0,0.0,0.0,0.0,0.0,0.0,0.0,0.0,0.0,0.0,0.0,0.0,0.0,0.0,0.0,0.0,0.0,0.0,0.0,0.0,0.0,0.0,0.0,0.0,0.0,0.0,0.0,0.0,0.0,0.0,0.0,0.0,0.0,0.914808988571167,9555.0,0.9145680665969849,3137.0,0.8442797660827637,7963.0,0.855048418045044,3615.0,0.8317362070083618,3548.0,0.8375958800315857,5474.0,0.8887732625007629,9611.0,0.8813241720199585,4803.0,0.8671947717666626,51632.0,0.8412689566612244,17621.0,0.8182093501091003,6601.0,0.8466317057609558,10302.0,0.8638603687286377,7103.0,0.8349379301071167,7167.0,0.8685314655303955,7150.0,0.8049481511116028,6265.0,0.848567545413971,4398.0,0.8731780648231506,13310.0,0.8813033699989319,55149.0,0.8001642823219299,14607.0,,,,,,0,1181,0.8565415740013123,0.7294967770576477
0.5910127758979797,0.29756468534469604,146.0,0.30413106083869934,156.0,0.2947290241718292,149.6666717529297,0.32694581151008606,469.6666564941406,0.31657087802886963,232.0,0.2968917489051819,103.66666412353516,0.29834792017936707,114.33333587646484,0.3072289228439331,55.33333206176758,0.3166292607784271,445.6666564941406,0.24619288742542267,131.3333282470703,0.2306705117225647,692.6666870117188,0.2190157026052475,1790.3333740234375,0.27038124203681946,568.3333129882812,0.3221517503261566,3468.0,0.2894144058227539,296.0,0.3123173713684082,988.6666870117188,0.30503585934638977,1657.0,0.2567381262779236,886.3333129882812,0.2768627405166626,425.0,0.25885841250419617,862.3333129882812,0.25048118829727173,1270.0,0.21431149542331696,1231.3333740234375,0.2595931589603424,2403.333251953125,0.14044377207756042,1762.6666259765625,0.2580992877483368,2575.666748046875,0.21196739375591278,1444.6666259765625,0.24272608757019043,1271.6666259765625,0.21744219958782196,1518.6666259765625,0.1812744289636612,10626.0,0.14027102291584015,4247.33349609375,0.3208489418029785,356.0,0.3201620876789093,109.66666412353516,0.3095237910747528,289.3333435058594,0.31683167815208435,134.6666717529297,0.2951907217502594,134.0,0.2834688425064087,205.0,0.31936508417129517,350.0,0.31529849767684937,178.6666717529297,0.3221893310546875,1914.3333740234375,0.316165953874588,621.3333129882812,0.31570109724998474,264.6666564941406,0.300108939409256,408.0,0.29363003373146057,254.6666717529297,0.2983592450618744,257.3333435058594,0.30858084559440613,269.3333435058594,0.2518089711666107,230.3333282470703,0.28423771262168884,172.0,0.31706151366233826,464.3333435058594,0.32410669326782227,1987.0,0.3203587234020233,582.3333129882812,0.42081305384635925,0.8486133217811584,0.6570470929145813,0.9394814968109131,0.7385786771774292,1,2363,,
,0.8793192505836487,3878.0,0.8856866359710693,4129.0,0.76786208152771,3597.0,0.9165031313896179,12228.0,0.9081540107727051,6598.0,0.8531705737113953,2949.0,0.8803501725196838,3084.0,0.8999999761581421,1430.0,0.8747317790985107,12118.0,0.7803163528442383,3414.0,0.0,0.0,0.0,0.0,0.0,0.0,0.0,0.0,0.0,0.0,0.0,0.0,0.0,0.0,0.0,0.0,0.0,0.0,0.0,0.0,0.0,0.0,0.0,0.0,0.0,0.0,0.0,0.0,0.0,0.0,0.0,0.0,0.0,0.0,0.0,0.0,0.0,0.0,0.0,0.0,0.9500784873962402,9555.0,0.9435766935348511,3137.0,0.8936330676078796,7963.0,0.9026279449462891,3615.0,0.871758759021759,3548.0,0.8653635382652283,5474.0,0.9290396571159363,9611.0,0.923797607421875,4803.0,0.8988417983055115,51632.0,0.8790079951286316,17621.0,0.8819875717163086,6601.0,0.9046787023544312,10302.0,0.9117274284362793,7103.0,0.8975861668586731,7167.0,0.9174824953079224,7150.0,0.8456504344940186,6265.0,0.8960891366004944,4398.0,0.9151765704154968,13310.0,0.9151571393013,55149.0,0.8519203066825867,14607.0,,,,,,1,2363,0.8969368934631348,0.76786208152771
0.5954805016517639,0.3226788341999054,146.0,0.32407405972480774,156.0,0.29844096302986145,149.6666717529297,0.32505324482917786,469.6666564941406,0.3247126340866089,232.0,0.2872454524040222,103.66666412353516,0.3187560737133026,114.33333587646484,0.3253012001514435,55.33333206176758,0.3236100673675537,445.6666564941406,0.27495768666267395,131.3333282470703,0.24703240394592285,692.6666870117188,0.24148203432559967,1790.3333740234375,0.26647117733955383,568.3333129882812,0.3222799003124237,3468.0,0.2912912964820862,296.0,0.30860868096351624,988.6666870117188,0.30691343545913696,1657.0,0.25999748706817627,886.3333129882812,0.2687581777572632,425.0,0.25769874453544617,862.3333129882812,0.3009623885154724,1270.0,0.26908501982688904,1231.3333740234375,0.2693943679332733,2403.333251953125,0.14844931662082672,1762.6666259765625,0.28100600838661194,2575.666748046875,0.2332717925310135,1444.6666259765625,0.2624726891517639,1271.6666259765625,0.2799970805644989,1518.6666259765625,0.14513666927814484,10626.0,0.15136294066905975,4247.33349609375,0.3249063789844513,356.0,0.326241135597229,109.66666412353516,0.3145161271095276,289.3333435058594,0.3250825107097626,134.6666717529297,0.29436153173446655,134.0,0.291598916053772,205.0,0.32222220301628113,350.0,0.3177860677242279,178.6666717529297,0.32079634070396423,1914.3333740234375,0.3091917037963867,621.3333129882812,0.3140218257904053,264.6666564941406,0.2834967374801636,408.0,0.3014834225177765,254.6666717529297,0.31303972005844116,257.3333435058594,0.32136961817741394,269.3333435058594,0.2595272362232208,230.3333282470703,0.26744186878204346,172.0,0.31562575697898865,464.3333435058594,0.3229883015155792,1987.0,0.32054951786994934,582.3333129882812,0.4354099929332733,0.8610474467277527,0.7244461178779602,0.943861722946167,0.7785817384719849,2,3545,,
,0.8929860591888428,3878.0,0.9043352007865906,4129.0,0.8034473061561584,3597.0,0.9241904020309448,12228.0,0.918914794921875,6598.0,0.8599525094032288,2949.0,0.9040207266807556,3084.0,0.9104894995689392,1430.0,0.8837267160415649,12118.0,0.7973052263259888,3414.0,0.0,0.0,0.0,0.0,0.0,0.0,0.0,0.0,0.0,0.0,0.0,0.0,0.0,0.0,0.0,0.0,0.0,0.0,0.0,0.0,0.0,0.0,0.0,0.0,0.0,0.0,0.0,0.0,0.0,0.0,0.0,0.0,0.0,0.0,0.0,0.0,0.0,0.0,0.0,0.0,0.9569858908653259,9555.0,0.9448517560958862,3137.0,0.9034283757209778,7963.0,0.9172890782356262,3615.0,0.8816234469413757,3548.0,0.8819875717163086,5474.0,0.9367391467094421,9611.0,0.9364980459213257,4803.0,0.9072280526161194,51632.0,0.8924578428268433,17621.0,0.9030449986457825,6601.0,0.9200155138969421,10302.0,0.9245389103889465,7103.0,0.9072136282920837,7167.0,0.9213985800743103,7150.0,0.8671987056732178,6265.0,0.9097316861152649,4398.0,0.9235161542892456,13310.0,0.9245861172676086,55149.0,0.870541512966156,14607.0,,,,,,2,3545,0.9082219004631042,0.7973052263259888
0.6525619029998779,0.3287671208381653,146.0,0.32407405972480774,156.0,0.30215293169021606,149.6666717529297,0.3255263864994049,469.6666564941406,0.3242337107658386,232.0,0.312968909740448,103.66666412353516,0.3304179012775421,114.33333587646484,0.3333333432674408,55.33333206176758,0.32336077094078064,445.6666564941406,0.2884940803050995,131.3333282470703,0.26467758417129517,692.6666870117188,0.2395581156015396,1790.3333740234375,0.2926686108112335,568.3333129882812,0.31644880771636963,3468.0,0.30630630254745483,296.0,0.3140031397342682,988.6666870117188,0.3071146011352539,1657.0,0.2622539699077606,886.3333129882812,0.2786928117275238,425.0,0.2632392644882202,862.3333129882812,0.30314961075782776,1270.0,0.270438551902771,1231.3333740234375,0.24891354143619537,2403.333251953125,0.14788199961185455,1762.6666259765625,0.2788059115409851,2575.666748046875,0.23627133667469025,1444.6666259765625,0.26046308875083923,1271.6666259765625,0.2750219404697418,1518.6666259765625,0.19806762039661407,10626.0,0.15942029654979706,4247.33349609375,0.3289637863636017,356.0,0.3272543251514435,109.66666412353516,0.32104453444480896,289.3333435058594,0.3308580815792084,134.6666717529297,0.31674960255622864,134.0,0.31165310740470886,205.0,0.3311111032962799,350.0,0.32898011803627014,178.6666717529297,0.3212606608867645,1914.3333740234375,0.31276825070381165,621.3333129882812,0.3270361125469208,264.6666564941406,0.328976035118103,408.0,0.328970342874527,254.6666717529297,0.32772019505500793,257.3333435058594,0.3279702961444855,269.3333435058594,0.31066086888313293,230.3333282470703,0.3210594356060028,172.0,0.32902607321739197,464.3333435058594,0.3260638415813446,1987.0,0.3211219310760498,582.3333129882812,0.44364598393440247,0.8673790693283081,0.71867436170578,0.9694576859474182,0.8654822111129761,3,4727,,
,0.9040742516517639,3878.0,0.9072414636611938,4129.0,0.8154017329216003,3597.0,0.9379293322563171,12228.0,0.9299787878990173,6598.0,0.8680908679962158,2949.0,0.9098573327064514,3084.0,0.9167832136154175,1430.0,0.8918963670730591,12118.0,0.8055067658424377,3414.0,0.0,0.0,0.0,0.0,0.0,0.0,0.0,0.0,0.0,0.0,0.0,0.0,0.0,0.0,0.0,0.0,0.0,0.0,0.0,0.0,0.0,0.0,0.0,0.0,0.0,0.0,0.0,0.0,0.0,0.0,0.0,0.0,0.0,0.0,0.0,0.0,0.0,0.0,0.0,0.0,0.9625326991081238,9555.0,0.9515460729598999,3137.0,0.9137259721755981,7963.0,0.921438455581665,3615.0,0.8897970914840698,3548.0,0.8898428678512573,5474.0,0.9426698684692383,9611.0,0.9410784840583801,4803.0,0.9180353283882141,51632.0,0.899040937423706,17621.0,0.9106196165084839,6601.0,0.9283634424209595,10302.0,0.9401661157608032,7103.0,0.9171201586723328,7167.0,0.9344055652618408,7150.0,0.8790103793144226,6265.0,0.9083674550056458,4398.0,0.9308038949966431,13310.0,0.9322018623352051,55149.0,0.8830697536468506,14607.0,,,,,,3,4727,0.9171229600906372,0.8055067658424377
0.5634890794754028,0.3318112790584564,146.0,0.31908831000328064,156.0,0.2724573314189911,149.6666717529297,0.2481665462255478,469.6666564941406,0.2902298867702484,232.0,0.30653804540634155,103.66666412353516,0.3333333432674408,114.33333587646484,0.3333333432674408,55.33333206176758,0.3118923008441925,445.6666564941406,0.2851099669933319,131.3333282470703,0.26740455627441406,692.6666870117188,0.22633898258209229,1790.3333740234375,0.2993157207965851,568.3333129882812,0.32394590973854065,3468.0,0.30930930376052856,296.0,0.31962236762046814,988.6666870117188,0.2939046323299408,1657.0,0.26601478457450867,886.3333129882812,0.2836601436138153,425.0,0.26865094900131226,862.3333129882812,0.31452319025993347,1270.0,0.2865908741950989,1231.3333740234375,0.1522422581911087,2403.333251953125,0.15134896337985992,1762.6666259765625,0.29079851508140564,2575.666748046875,0.24434702098369598,1444.6666259765625,0.2693752646446228,1271.6666259765625,0.2789727747440338,1518.6666259765625,0.13481606543064117,10626.0,0.15055198967456818,4247.33349609375,0.33208489418029785,356.0,0.326241135597229,109.66666412353516,0.3214285671710968,289.3333435058594,0.3316831588745117,134.6666717529297,0.3159203827381134,134.0,0.31761518120765686,205.0,0.3301587402820587,350.0,0.32898011803627014,178.6666717529297,0.3194613754749298,1914.3333740234375,0.29363375902175903,621.3333129882812,0.3282955586910248,264.6666564941406,0.3300653398036957,408.0,0.33289703726768494,254.6666717529297,0.33290156722068787,257.3333435058594,0.3308580815792084,269.3333435058594,0.3145200312137604,230.3333282470703,0.32687339186668396,172.0,0.27781766653060913,464.3333435058594,0.19113123416900635,1987.0,0.28048083186149597,582.3333129882812,0.4044482111930847,0.868066668510437,0.6790169477462769,0.8680869936943054,0.573393702507019,4,5909,,
,0.9048478603363037,3878.0,0.9125696420669556,4129.0,0.8151237368583679,3597.0,0.9383382201194763,12228.0,0.930433452129364,6598.0,0.8708036541938782,2949.0,0.9062905311584473,3084.0,0.9251748323440552,1430.0,0.8980029821395874,12118.0,0.8134153485298157,3414.0,0.0,0.0,0.0,0.0,0.0,0.0,0.0,0.0,0.0,0.0,0.0,0.0,0.0,0.0,0.0,0.0,0.0,0.0,0.0,0.0,0.0,0.0,0.0,0.0,0.0,0.0,0.0,0.0,0.0,0.0,0.0,0.0,0.0,0.0,0.0,0.0,0.0,0.0,0.0,0.0,0.9645211696624756,9555.0,0.9560089111328125,3137.0,0.918121337890625,7963.0,0.9374827146530151,3615.0,0.8892333507537842,3548.0,0.8978809118270874,5474.0,0.9499531984329224,9611.0,0.9433687329292297,4803.0,0.9208824038505554,51632.0,0.9065319895744324,17621.0,0.9160733222961426,6601.0,0.9350611567497253,10302.0,0.9365056753158569,7103.0,0.9267476201057434,7167.0,0.9386013746261597,7150.0,0.8806065320968628,6265.0,0.9185993671417236,4398.0,0.933358371257782,13310.0,0.9355745315551758,55149.0,0.8925172686576843,14607.0,,,,,,4,5909,0.9212924242019653,0.8134153485298157
0.5392574071884155,0.33105024695396423,146.0,0.31339031457901,156.0,0.2345954030752182,149.6666717529297,0.09533948451280594,469.6666564941406,0.2021072655916214,232.0,0.29367631673812866,103.66666412353516,0.3333333432674408,114.33333587646484,0.3313252925872803,55.33333206176758,0.2926950752735138,445.6666564941406,0.2817258834838867,131.3333282470703,0.26483798027038574,692.6666870117188,0.27716749906539917,1790.3333740234375,0.29775169491767883,568.3333129882812,0.3257080614566803,3468.0,0.315315306186676,296.0,0.3208586275577545,988.6666870117188,0.29222825169563293,1657.0,0.2702770531177521,886.3333129882812,0.3037908375263214,425.0,0.2705836892127991,862.3333129882812,0.32213473320007324,1270.0,0.30644288659095764,1231.3333740234375,0.13670827448368073,2403.333251953125,0.15305092930793762,1762.6666259765625,0.2979595363140106,2575.666748046875,0.24934625625610352,1444.6666259765625,0.273569256067276,1271.6666259765625,0.3053116798400879,1518.6666259765625,0.10649978369474411,10626.0,0.15081357955932617,4247.33349609375,0.3323970139026642,356.0,0.326241135597229,109.66666412353516,0.3068356215953827,289.3333435058594,0.3316831588745117,134.6666717529297,0.31674960255622864,134.0,0.32032519578933716,205.0,0.3323809504508972,350.0,0.3296019732952118,178.6666717529297,0.3092460334300995,1914.3333740234375,0.2548283338546753,621.3333129882812,0.3282955586910248,264.6666564941406,0.3300653398036957,408.0,0.3333333432674408,254.6666717529297,0.3333333432674408,257.3333435058594,0.3304455578327179,269.3333435058594,0.308248907327652,230.3333282470703,0.32687339186668396,172.0,0.2022014856338501,464.3333435058594,0.07873399555683136,1987.0,0.20950199663639069,582.3333129882812,0.31949934363365173,0.8960863947868347,0.7945139408111572,0.7456197738647461,0.23620198667049408,5,7091,,
,0.9156782031059265,3878.0,0.9215306639671326,4129.0,0.8340283632278442,3597.0,0.9416912198066711,12228.0,0.9342225193977356,6598.0,0.8741946220397949,2949.0,0.9166666865348816,3084.0,0.9272727370262146,1430.0,0.9039445519447327,12118.0,0.8119508028030396,3414.0,0.0,0.0,0.0,0.0,0.0,0.0,0.0,0.0,0.0,0.0,0.0,0.0,0.0,0.0,0.0,0.0,0.0,0.0,0.0,0.0,0.0,0.0,0.0,0.0,0.0,0.0,0.0,0.0,0.0,0.0,0.0,0.0,0.0,0.0,0.0,0.0,0.0,0.0,0.0,0.0,0.9652537703514099,9555.0,0.9598342180252075,3137.0,0.9256561398506165,7963.0,0.9330567121505737,3615.0,0.8990980982780457,3548.0,0.9006211161613464,5474.0,0.9517219662666321,9611.0,0.9496148228645325,4803.0,0.9244267344474792,51632.0,0.9109017848968506,17621.0,0.9230419397354126,6601.0,0.9336051344871521,10302.0,0.9419963359832764,7103.0,0.919213056564331,7167.0,0.9426573514938354,7150.0,0.8895450830459595,6265.0,0.9283765554428101,4398.0,0.9374154806137085,13310.0,0.936499297618866,55149.0,0.891969621181488,14607.0,,,,,,5,7091,0.9245526194572449,0.8119508028030396
0.548957109451294,0.33028918504714966,146.0,0.32193732261657715,156.0,0.2902746796607971,149.6666717529297,0.3236337900161743,469.6666564941406,0.32231801748275757,232.0,0.3054662346839905,103.66666412353516,0.3333333432674408,114.33333587646484,0.32931727170944214,55.33333206176758,0.32136625051498413,445.6666564941406,0.2817258834838867,131.3333282470703,0.23596405982971191,692.6666870117188,0.27102339267730713,1790.3333740234375,0.30166175961494446,568.3333129882812,0.32359349727630615,3468.0,0.31381380558013916,296.0,0.3135536015033722,988.6666870117188,0.31247904896736145,1657.0,0.2606242895126343,886.3333129882812,0.2917647063732147,425.0,0.262466162443161,862.3333129882812,0.31189849972724915,1270.0,0.2839740216732025,1231.3333740234375,0.13767914474010468,2403.333251953125,0.1502143293619156,1762.6666259765625,0.2855355739593506,2575.666748046875,0.24188585579395294,1444.6666259765625,0.26614242792129517,1271.6666259765625,0.2734855115413666,1518.6666259765625,0.13069619238376617,10626.0,0.14573849737644196,4247.33349609375,0.32958802580833435,356.0,0.326241135597229,109.66666412353516,0.32603687047958374,289.3333435058594,0.3316831588745117,134.6666717529297,0.3175787627696991,134.0,0.3154471516609192,205.0,0.32952380180358887,350.0,0.32898011803627014,178.6666717529297,0.3224795460700989,1914.3333740234375,0.3177753984928131,621.3333129882812,0.3282955586910248,264.6666564941406,0.3300653398036957,408.0,0.3333333432674408,254.6666717529297,0.3333333432674408,257.3333435058594,0.33003300428390503,269.3333435058594,0.31066086888313293,230.3333282470703,0.32687339186668396,172.0,0.23426657915115356,464.3333435058594,0.1932002454996109,1987.0,0.29784390330314636,582.3333129882812,0.3920885920524597,0.8881217241287231,0.7078921794891357,0.8850119113922119,0.5796007513999939,6,8273,,
,0.9185146689414978,3878.0,0.9317026138305664,4129.0,0.8420906066894531,3597.0,0.9463526606559753,12228.0,0.9381631016731262,6598.0,0.8799592852592468,2949.0,0.9221789836883545,3084.0,0.9342657327651978,1430.0,0.9058425426483154,12118.0,0.82893967628479,3414.0,0.0,0.0,0.0,0.0,0.0,0.0,0.0,0.0,0.0,0.0,0.0,0.0,0.0,0.0,0.0,0.0,0.0,0.0,0.0,0.0,0.0,0.0,0.0,0.0,0.0,0.0,0.0,0.0,0.0,0.0,0.0,0.0,0.0,0.0,0.0,0.0,0.0,0.0,0.0,0.0,0.9671376347541809,9555.0,0.9649346470832825,3137.0,0.9246515035629272,7963.0,0.9405255913734436,3615.0,0.9067080020904541,3548.0,0.9081110954284668,5474.0,0.95307457447052,9611.0,0.9506558179855347,4803.0,0.9269445538520813,51632.0,0.9158958196640015,17621.0,0.9297076463699341,6601.0,0.9412735104560852,10302.0,0.9394621849060059,7103.0,0.9379098415374756,7167.0,0.9467132687568665,7150.0,0.8948124647140503,6265.0,0.9297407865524292,4398.0,0.9410218000411987,13310.0,0.9410505890846252,55149.0,0.9008010029792786,14607.0,,,,,,6,8273,0.9291222095489502,0.82893967628479
0.684165358543396,0.3219178020954132,146.0,0.3105413019657135,156.0,0.3088344633579254,149.6666717529297,0.3252898156642914,469.6666564941406,0.3208812177181244,232.0,0.2926045060157776,103.66666412353516,0.3138969838619232,114.33333587646484,0.30923694372177124,55.33333206176758,0.3203689754009247,445.6666564941406,0.2605752944946289,131.3333282470703,0.24959897994995117,692.6666870117188,0.2895177900791168,1790.3333740234375,0.2574779987335205,568.3333129882812,0.31436625123023987,3468.0,0.27702704071998596,296.0,0.2917509377002716,988.6666870117188,0.30872392654418945,1657.0,0.25122228264808655,886.3333129882812,0.27529412508010864,425.0,0.24236567318439484,862.3333129882812,0.2943132221698761,1270.0,0.2590687572956085,1231.3333740234375,0.27688395977020264,2403.333251953125,0.15368129312992096,1762.6666259765625,0.27746862173080444,2575.666748046875,0.226657435297966,1444.6666259765625,0.25871559977531433,1271.6666259765625,0.2628036439418793,1518.6666259765625,0.21788275241851807,10626.0,0.17684298753738403,4247.33349609375,0.3164794147014618,356.0,0.326241135597229,109.66666412353516,0.3095237910747528,289.3333435058594,0.3217821717262268,134.6666717529297,0.2902155816555023,134.0,0.2981029748916626,205.0,0.32158729434013367,350.0,0.3159203827381134,178.6666717529297,0.3223054111003876,1914.3333740234375,0.3147353231906891,621.3333129882812,0.3068849742412567,264.6666564941406,0.28594771027565,408.0,0.2696335017681122,254.6666717529297,0.29749569296836853,257.3333435058594,0.3028052747249603,269.3333435058594,0.23637241125106812,230.3333282470703,0.27648577094078064,172.0,0.30150753259658813,464.3333435058594,0.32276463508605957,1987.0,0.3228391706943512,582.3333129882812,0.4610438644886017,0.8659752607345581,0.7270970344543457,0.9354290962219238,0.7091172337532043,7,9455,,
,0.9275399446487427,3878.0,0.9304916262626648,4129.0,0.8381984829902649,3597.0,0.9475793242454529,12228.0,0.945438027381897,6598.0,0.8877585530281067,2949.0,0.9221789836883545,3084.0,0.9335664510726929,1430.0,0.9096385836601257,12118.0,0.828646719455719,3414.0,0.0,0.0,0.0,0.0,0.0,0.0,0.0,0.0,0.0,0.0,0.0,0.0,0.0,0.0,0.0,0.0,0.0,0.0,0.0,0.0,0.0,0.0,0.0,0.0,0.0,0.0,0.0,0.0,0.0,0.0,0.0,0.0,0.0,0.0,0.0,0.0,0.0,0.0,0.0,0.0,0.9660910367965698,9555.0,0.9595154523849487,3137.0,0.9238980412483215,7963.0,0.9435684680938721,3615.0,0.8979706764221191,3548.0,0.9170624613761902,5474.0,0.9578607678413391,9611.0,0.9498230218887329,4803.0,0.9300433993339539,51632.0,0.9167470335960388,17621.0,0.9309195280075073,6601.0,0.9426324963569641,10302.0,0.9479093551635742,7103.0,0.9351192712783813,7167.0,0.9461538195610046,7150.0,0.895610511302948,6265.0,0.9354252219200134,4398.0,0.9437265396118164,13310.0,0.943697988986969,55149.0,0.9034709334373474,14607.0,,,,,,7,9455,0.9313309192657471,0.828646719455719
0.5574811100959778,0.3264840245246887,146.0,0.3183760643005371,156.0,0.3006681501865387,149.6666717529297,0.3271823823451996,469.6666564941406,0.3247126340866089,232.0,0.3054662346839905,103.66666412353516,0.32264333963394165,114.33333587646484,0.30923694372177124,55.33333206176758,0.3263525366783142,445.6666564941406,0.2893401086330414,131.3333282470703,0.26531919836997986,692.6666870117188,0.26630672812461853,1790.3333740234375,0.2948191463947296,568.3333129882812,0.31106624007225037,3468.0,0.30480480194091797,296.0,0.30860868096351624,988.6666870117188,0.3127472698688507,1657.0,0.25084617733955383,886.3333129882812,0.28784313797950745,425.0,0.26890864968299866,862.3333129882812,0.31504812836647034,1270.0,0.287312775850296,1231.3333740234375,0.17947296798229218,2403.333251953125,0.15134896337985992,1762.6666259765625,0.2904965281486511,2575.666748046875,0.2418089509010315,1444.6666259765625,0.2680646479129791,1271.6666259765625,0.29470294713974,1518.6666259765625,0.12106572836637497,10626.0,0.15162454545497894,4247.33349609375,0.3274032473564148,356.0,0.32826748490333557,109.66666412353516,0.3214285671710968,289.3333435058594,0.327557772397995,134.6666717529297,0.3109452724456787,134.0,0.32357725501060486,205.0,0.32952380180358887,350.0,0.32711443305015564,178.6666717529297,0.3249172866344452,1914.3333740234375,0.32510730624198914,621.3333129882812,0.3282955586910248,264.6666564941406,0.33033767342567444,408.0,0.33289703726768494,254.6666717529297,0.3333333432674408,257.3333435058594,0.3304455578327179,269.3333435058594,0.3227206766605377,230.3333282470703,0.32687339186668396,172.0,0.32711175084114075,464.3333435058594,0.3184588849544525,1987.0,0.31959548592567444,582.3333129882812,0.3631971776485443,0.8759167790412903,0.7525385618209839,0.9703813791275024,0.8680202960968018,8,10637,,
,0.922382652759552,3878.0,0.9338822960853577,4129.0,0.8526549935340881,3597.0,0.9480699896812439,12228.0,0.944225549697876,6598.0,0.8830111622810364,2949.0,0.9244487881660461,3084.0,0.9412587285041809,1430.0,0.9189635515213013,12118.0,0.8309900164604187,3414.0,0.0,0.0,0.0,0.0,0.0,0.0,0.0,0.0,0.0,0.0,0.0,0.0,0.0,0.0,0.0,0.0,0.0,0.0,0.0,0.0,0.0,0.0,0.0,0.0,0.0,0.0,0.0,0.0,0.0,0.0,0.0,0.0,0.0,0.0,0.0,0.0,0.0,0.0,0.0,0.0,0.9710099697113037,9555.0,0.9639783501625061,3137.0,0.9275398850440979,7963.0,0.9408022165298462,3615.0,0.9058624505996704,3548.0,0.9168797731399536,5474.0,0.9573405385017395,9611.0,0.9539870619773865,4803.0,0.9343624114990234,51632.0,0.9235003590583801,17621.0,0.9298591017723083,6601.0,0.9473888278007507,10302.0,0.946642279624939,7103.0,0.9425143003463745,7167.0,0.9532867074012756,7150.0,0.9008778929710388,6265.0,0.9383810758590698,4398.0,0.9493613839149475,13310.0,0.9465448260307312,55149.0,0.9039501547813416,14607.0,,,,,,8,10637,0.9348192811012268,0.8309900164604187
0.5086415410041809,0.3325723111629486,146.0,0.3262108266353607,156.0,0.30660727620124817,149.6666717529297,0.315353661775589,469.6666564941406,0.3204022943973541,232.0,0.30332261323928833,103.66666412353516,0.33236151933670044,114.33333587646484,0.3333333432674408,55.33333206176758,0.32061830163002014,445.6666564941406,0.29695430397987366,131.3333282470703,0.2834456264972687,692.6666870117188,0.18755042552947998,1790.3333740234375,0.3010752499103546,568.3333129882812,0.25563886761665344,3468.0,0.31569069623947144,296.0,0.3218700885772705,988.6666870117188,0.27680549025535583,1657.0,0.2682712972164154,886.3333129882812,0.29045751690864563,425.0,0.29068419337272644,862.3333129882812,0.3293963372707367,1270.0,0.3204295337200165,1231.3333740234375,0.16102634370326996,2403.333251953125,0.1579046994447708,1762.6666259765625,0.31430914998054504,2575.666748046875,0.25265344977378845,1444.6666259765625,0.28414154052734375,1271.6666259765625,0.31818845868110657,1518.6666259765625,0.06067925691604614,10626.0,0.15651650726795197,4247.33349609375,0.33302122354507446,356.0,0.32826748490333557,109.66666412353516,0.32603687047958374,289.3333435058594,0.3316831588745117,134.6666717529297,0.32504144310951233,134.0,0.3279132843017578,205.0,0.33269840478897095,350.0,0.3302238881587982,178.6666717529297,0.3204480707645416,1914.3333740234375,0.3097281754016876,621.3333129882812,0.32871535420417786,264.6666564941406,0.33033767342567444,408.0,0.3333333432674408,254.6666717529297,0.3333333432674408,257.3333435058594,0.3308580815792084,269.3333435058594,0.3222382962703705,230.3333282470703,0.32687339186668396,172.0,0.32663318514823914,464.3333435058594,0.30593302845954895,1987.0,0.3060484826564789,582.3333129882812,0.18203777074813843,0.7921155095100403,0.5626512765884399,0.9581942558288574,0.8908629417419434,9,11819,,
,0.916967511177063,3878.0,0.9379994869232178,4129.0,0.8495968580245972,3597.0,0.9513412117958069,12228.0,0.944225549697876,6598.0,0.8955578207969666,2949.0,0.9319066405296326,3084.0,0.9426573514938354,1430.0,0.9186334609985352,12118.0,0.8374341130256653,3414.0,0.0,0.0,0.0,0.0,0.0,0.0,0.0,0.0,0.0,0.0,0.0,0.0,0.0,0.0,0.0,0.0,0.0,0.0,0.0,0.0,0.0,0.0,0.0,0.0,0.0,0.0,0.0,0.0,0.0,0.0,0.0,0.0,0.0,0.0,0.0,0.0,0.0,0.0,0.0,0.0,0.9733123779296875,9555.0,0.9642971158027649,3137.0,0.9370840191841125,7963.0,0.9479944705963135,3615.0,0.9081172347068787,3548.0,0.9240043759346008,5474.0,0.9601498246192932,9611.0,0.9562773108482361,4803.0,0.9369577169418335,51632.0,0.926224410533905,17621.0,0.9375852346420288,6601.0,0.9479712843894958,10302.0,0.9539631009101868,7103.0,0.9434909820556641,7167.0,0.9524475336074829,7150.0,0.9066240787506104,6265.0,0.9329240322113037,4398.0,0.9462058544158936,13310.0,0.9468530416488647,55149.0,0.9103854298591614,14607.0,,,,,,9,11819,0.9370941519737244,0.8374341130256653
0.5520963072776794,0.3333333432674408,146.0,0.32905980944633484,156.0,0.3051224946975708,149.6666717529297,0.32907500863075256,469.6666564941406,0.32902297377586365,232.0,0.30653804540634155,103.66666412353516,0.3313896954059601,114.33333587646484,0.3192771077156067,55.33333206176758,0.32410869002342224,445.6666564941406,0.29441624879837036,131.3333282470703,0.26307347416877747,692.6666870117188,0.2629553973674774,1790.3333740234375,0.29012706875801086,568.3333129882812,0.3228565752506256,3468.0,0.3055555522441864,296.0,0.30939537286758423,988.6666870117188,0.3114061653614044,1657.0,0.2549830675125122,886.3333129882812,0.2933333218097687,425.0,0.26903751492500305,862.3333129882812,0.2856518030166626,1270.0,0.23858509957790375,1231.3333740234375,0.2041608840227127,2403.333251953125,0.14643217623233795,1762.6666259765625,0.2747940123081207,2575.666748046875,0.2245808243751526,1444.6666259765625,0.25705549120903015,1271.6666259765625,0.23573309183120728,1518.6666259765625,0.1411631852388382,10626.0,0.14011405408382416,4247.33349609375,0.3323970139026642,356.0,0.32928064465522766,109.66666412353516,0.3264208734035492,289.3333435058594,0.3308580815792084,134.6666717529297,0.32752901315689087,134.0,0.32628726959228516,205.0,0.3320634961128235,350.0,0.3302238881587982,178.6666717529297,0.3209124207496643,1914.3333740234375,0.3274320363998413,621.3333129882812,0.32997480034828186,264.6666564941406,0.3297930359840393,408.0,0.328970342874527,254.6666717529297,0.32815197110176086,257.3333435058594,0.32962045073509216,269.3333435058594,0.32175591588020325,230.3333282470703,0.3242894113063812,172.0,0.3304618299007416,464.3333435058594,0.32768550515174866,1987.0,0.32398396730422974,582.3333129882812,0.42034217715263367,0.8850848078727722,0.7649492025375366,0.9778307676315308,0.8832487463951111,10,13001,,
,0.9283135533332825,3878.0,0.9329135417938232,4129.0,0.8518209457397461,3597.0,0.9506869316101074,12228.0,0.9493786096572876,6598.0,0.9003052115440369,2949.0,0.9257457852363586,3084.0,0.9475524425506592,1430.0,0.9196236729621887,12118.0,0.8450497984886169,3414.0,0.0,0.0,0.0,0.0,0.0,0.0,0.0,0.0,0.0,0.0,0.0,0.0,0.0,0.0,0.0,0.0,0.0,0.0,0.0,0.0,0.0,0.0,0.0,0.0,0.0,0.0,0.0,0.0,0.0,0.0,0.0,0.0,0.0,0.0,0.0,0.0,0.0,0.0,0.0,0.0,0.9702773690223694,9555.0,0.9674848318099976,3137.0,0.937335193157196,7963.0,0.9443983435630798,3615.0,0.9219278693199158,3548.0,0.9245524406433105,5474.0,0.9610862731933594,9611.0,0.9510722756385803,4803.0,0.9385846257209778,51632.0,0.930026650428772,17621.0,0.9394031167030334,6601.0,0.9518539905548096,10302.0,0.9512881636619568,7103.0,0.9464210867881775,7167.0,0.9560838937759399,7150.0,0.9101356863975525,6265.0,0.9376989603042603,4398.0,0.9543200731277466,13310.0,0.9486663341522217,55149.0,0.915999174118042,14607.0,,,,,,10,13001,0.9392995834350586,0.8450497984886169
0.5933642387390137,0.3173516094684601,146.0,0.3262108266353607,156.0,0.3110616207122803,149.6666717529297,0.32907500863075256,469.6666564941406,0.32758620381355286,232.0,0.31511253118515015,103.66666412353516,0.3255588114261627,114.33333587646484,0.32329317927360535,55.33333206176758,0.3266018331050873,445.6666564941406,0.2851099669933319,131.3333282470703,0.21912096440792084,692.6666870117188,0.25643888115882874,1790.3333740234375,0.2805474102497101,568.3333129882812,0.2968089282512665,3468.0,0.2894144058227539,296.0,0.30669814348220825,988.6666870117188,0.30972978472709656,1657.0,0.2556098699569702,886.3333129882812,0.28026142716407776,425.0,0.263625830411911,862.3333129882812,0.31023621559143066,1270.0,0.26655837893486023,1231.3333740234375,0.21294498443603516,2403.333251953125,0.15040342509746552,1762.6666259765625,0.28536301851272583,2575.666748046875,0.2346562147140503,1444.6666259765625,0.2628221809864044,1271.6666259765625,0.25899913907051086,1518.6666259765625,0.15834327042102814,10626.0,0.1469941884279251,4247.33349609375,0.33021223545074463,356.0,0.33130699396133423,109.66666412353516,0.32603687047958374,289.3333435058594,0.32838281989097595,134.6666717529297,0.31509122252464294,134.0,0.31761518120765686,205.0,0.32730159163475037,350.0,0.32711443305015564,178.6666717529297,0.3254396617412567,1914.3333740234375,0.32618024945259094,621.3333129882812,0.3295550048351288,264.6666564941406,0.32952070236206055,408.0,0.32809773087501526,254.6666717529297,0.3303108811378479,257.3333435058594,0.3292079269886017,269.3333435058594,0.3135552406311035,230.3333282470703,0.3204134404659271,172.0,0.32854750752449036,464.3333435058594,0.3270144760608673,1987.0,0.3247471749782562,582.3333129882812,0.4409825801849365,0.8444017767906189,0.6573628783226013,0.9764898419380188,0.8553299307823181,11,14183,,
,0.9280557036399841,3878.0,0.9435698986053467,4129.0,0.8690575361251831,3597.0,0.9540399312973022,12228.0,0.9492270350456238,6598.0,0.8928450345993042,2949.0,0.9270427823066711,3084.0,0.9468531608581543,1430.0,0.9202013611793518,12118.0,0.8383128046989441,3414.0,0.0,0.0,0.0,0.0,0.0,0.0,0.0,0.0,0.0,0.0,0.0,0.0,0.0,0.0,0.0,0.0,0.0,0.0,0.0,0.0,0.0,0.0,0.0,0.0,0.0,0.0,0.0,0.0,0.0,0.0,0.0,0.0,0.0,0.0,0.0,0.0,0.0,0.0,0.0,0.0,0.9726844429969788,9555.0,0.9671660661697388,3137.0,0.9380886554718018,7963.0,0.9474412202835083,3615.0,0.9196730256080627,3548.0,0.9229083061218262,5474.0,0.9631671905517578,9611.0,0.9556527137756348,4803.0,0.9373063445091248,51632.0,0.9290618896484375,17621.0,0.9380397200584412,6601.0,0.9543777704238892,10302.0,0.952836811542511,7103.0,0.9455839395523071,7167.0,0.9572027921676636,7150.0,0.9131683707237244,6265.0,0.936107337474823,4398.0,0.9537190198898315,13310.0,0.9494279026985168,55149.0,0.9131923317909241,14607.0,,,,,,11,14183,0.9397161602973938,0.8383128046989441
0.6367837190628052,0.3318112790584564,146.0,0.3276353180408478,156.0,0.3110616207122803,149.6666717529297,0.3295481503009796,469.6666564941406,0.3285440504550934,232.0,0.2926045060157776,103.66666412353516,0.33236151933670044,114.33333587646484,0.3253012001514435,55.33333206176758,0.32485663890838623,445.6666564941406,0.3054145574569702,131.3333282470703,0.2811998724937439,692.6666870117188,0.26034876704216003,1790.3333740234375,0.2858259975910187,568.3333129882812,0.322376012802124,3468.0,0.29279279708862305,296.0,0.30748483538627625,988.6666870117188,0.30778515338897705,1657.0,0.25962141156196594,886.3333129882812,0.2792156934738159,425.0,0.2723875939846039,862.3333129882812,0.30717411637306213,1270.0,0.26330986618995667,1231.3333740234375,0.2556634247303009,2403.333251953125,0.15588754415512085,1762.6666259765625,0.2866571843624115,2575.666748046875,0.2336563616991043,1444.6666259765625,0.2673656642436981,1271.6666259765625,0.2682909071445465,1518.6666259765625,0.18257105350494385,10626.0,0.15327264368534088,4247.33349609375,0.33302122354507446,356.0,0.32826748490333557,109.66666412353516,0.32603687047958374,289.3333435058594,0.3308580815792084,134.6666717529297,0.33084577322006226,134.0,0.3252032697200775,205.0,0.33174601197242737,350.0,0.33084577322006226,178.6666717529297,0.31551453471183777,1914.3333740234375,0.3258226215839386,621.3333129882812,0.3295550048351288,264.6666564941406,0.32598039507865906,408.0,0.31893542408943176,254.6666717529297,0.3199481964111328,257.3333435058594,0.3234323561191559,269.3333435058594,0.293294757604599,230.3333282470703,0.3062015473842621,172.0,0.32830819487571716,464.3333435058594,0.326567143201828,1987.0,0.3262736201286316,582.3333129882812,0.45981791615486145,0.8833085298538208,0.7788642048835754,0.9699642658233643,0.8778135180473328,12,15365,,
,0.9329551458358765,3878.0,0.9462339282035828,4129.0,0.8690575361251831,3597.0,0.9514229893684387,12228.0,0.946650505065918,6598.0,0.896236002445221,2949.0,0.9328793883323669,3084.0,0.9454545378684998,1430.0,0.9254827499389648,12118.0,0.8468072414398193,3414.0,0.0,0.0,0.0,0.0,0.0,0.0,0.0,0.0,0.0,0.0,0.0,0.0,0.0,0.0,0.0,0.0,0.0,0.0,0.0,0.0,0.0,0.0,0.0,0.0,0.0,0.0,0.0,0.0,0.0,0.0,0.0,0.0,0.0,0.0,0.0,0.0,0.0,0.0,0.0,0.0,0.9758241772651672,9555.0,0.970672607421875,3137.0,0.937335193157196,7963.0,0.9524204730987549,3615.0,0.921645998954773,3548.0,0.9303982257843018,5474.0,0.9639995694160461,9611.0,0.964605450630188,4803.0,0.9405019879341125,51632.0,0.9329776763916016,17621.0,0.9439479112625122,6601.0,0.9580664038658142,10302.0,0.9508658051490784,7103.0,0.9457234740257263,7167.0,0.9535664319992065,7150.0,0.9163607358932495,6265.0,0.9442928433418274,4398.0,0.956574022769928,13310.0,0.951948344707489,55149.0,0.9184637665748596,14607.0,,,,,,12,15365,0.9424737691879272,0.8468072414398193
0.5809250473976135,0.3318112790584564,146.0,0.32407405972480774,156.0,0.30289533734321594,149.6666717529297,0.28743788599967957,469.6666564941406,0.3180076777935028,232.0,0.31939980387687683,103.66666412353516,0.33236151933670044,114.33333587646484,0.3313252925872803,55.33333206176758,0.3263525366783142,445.6666564941406,0.29780033230781555,131.3333282470703,0.25184473395347595,692.6666870117188,0.26649290323257446,1790.3333740234375,0.30166175961494446,568.3333129882812,0.3021594285964966,3468.0,0.3145645558834076,296.0,0.31872329115867615,988.6666870117188,0.301884263753891,1657.0,0.26563870906829834,886.3333129882812,0.29986926913261414,425.0,0.27857235074043274,862.3333129882812,0.32020998001098633,1270.0,0.2974192202091217,1231.3333740234375,0.17124365270137787,2403.333251953125,0.15342915058135986,1762.6666259765625,0.2977438271045685,2575.666748046875,0.24411629140377045,1444.6666259765625,0.27505460381507874,1271.6666259765625,0.29814162850379944,1518.6666259765625,0.13766025006771088,10626.0,0.1530895233154297,4247.33349609375,0.3308364450931549,356.0,0.33130699396133423,109.66666412353516,0.3248848021030426,289.3333435058594,0.3308580815792084,134.6666717529297,0.3225539028644562,134.0,0.32303524017333984,205.0,0.33174601197242737,350.0,0.32898011803627014,178.6666717529297,0.32520750164985657,1914.3333740234375,0.31706008315086365,621.3333129882812,0.32871535420417786,264.6666564941406,0.3297930359840393,408.0,0.3324607312679291,254.6666717529297,0.3316062092781067,257.3333435058594,0.33003300428390503,269.3333435058594,0.321273535490036,230.3333282470703,0.32687339186668396,172.0,0.3211294710636139,464.3333435058594,0.22076833248138428,1987.0,0.3142530024051666,582.3333129882812,0.41298073530197144,0.8721636533737183,0.7555341720581055,0.9131704568862915,0.6623049974441528,13,16547,,
,0.9339866042137146,3878.0,0.938968300819397,4129.0,0.863775372505188,3597.0,0.9560843706130981,12228.0,0.9531676173210144,6598.0,0.9050525426864624,2949.0,0.9403372406959534,3084.0,0.9503496289253235,1430.0,0.9281234741210938,12118.0,0.8617457747459412,3414.0,0.0,0.0,0.0,0.0,0.0,0.0,0.0,0.0,0.0,0.0,0.0,0.0,0.0,0.0,0.0,0.0,0.0,0.0,0.0,0.0,0.0,0.0,0.0,0.0,0.0,0.0,0.0,0.0,0.0,0.0,0.0,0.0,0.0,0.0,0.0,0.0,0.0,0.0,0.0,0.0,0.9738357067108154,9555.0,0.9709913730621338,3137.0,0.9374607801437378,7963.0,0.9529737234115601,3615.0,0.9219278693199158,3548.0,0.9298502206802368,5474.0,0.9668088555335999,9611.0,0.964605450630188,4803.0,0.9407925605773926,51632.0,0.9350774884223938,17621.0,0.9421299695968628,6601.0,0.9574840068817139,10302.0,0.9560748934745789,7103.0,0.9490721225738525,7167.0,0.958881139755249,7150.0,0.9213088750839233,6265.0,0.9472487568855286,4398.0,0.9580014944076538,13310.0,0.9531088471412659,55149.0,0.919559121131897,14607.0,,,,,,13,16547,0.9440609216690063,0.8617457747459412
0.5108754634857178,0.33105024695396423,146.0,0.32478633522987366,156.0,0.30289533734321594,149.6666717529297,0.32670924067497253,469.6666564941406,0.32998085021972656,232.0,0.3054662346839905,103.66666412353516,0.3304179012775421,114.33333587646484,0.3273092210292816,55.33333206176758,0.3271004855632782,445.6666564941406,0.2918781638145447,131.3333282470703,0.238691046833992,692.6666870117188,0.2759883403778076,1790.3333740234375,0.3081133961677551,568.3333129882812,0.3167051076889038,3468.0,0.30705705285072327,296.0,0.3123173713684082,988.6666870117188,0.3108697235584259,1657.0,0.25034472346305847,886.3333129882812,0.29594770073890686,425.0,0.26877978444099426,862.3333129882812,0.3230096399784088,1270.0,0.30166035890579224,1231.3333740234375,0.14498381316661835,2403.333251953125,0.15424861013889313,1762.6666259765625,0.3031361997127533,2575.666748046875,0.24903862178325653,1444.6666259765625,0.27479249238967896,1271.6666259765625,0.30011704564094543,1518.6666259765625,0.07846581935882568,10626.0,0.15220007300376892,4247.33349609375,0.33302122354507446,356.0,0.3272543251514435,109.66666412353516,0.3275729715824127,289.3333435058594,0.3316831588745117,134.6666717529297,0.323383092880249,134.0,0.3279132843017578,205.0,0.3320634961128235,350.0,0.33084577322006226,178.6666717529297,0.3235242962837219,1914.3333740234375,0.3238554894924164,621.3333129882812,0.32871535420417786,264.6666564941406,0.33033767342567444,408.0,0.3333333432674408,254.6666717529297,0.3333333432674408,257.3333435058594,0.3304455578327179,269.3333435058594,0.31741437315940857,230.3333282470703,0.32687339186668396,172.0,0.3194544017314911,464.3333435058594,0.29407817125320435,1987.0,0.30566686391830444,582.3333129882812,0.23539745807647705,0.8836809396743774,0.7160731554031372,0.9567937850952148,0.875634491443634,14,17729,,
,0.9437854290008545,3878.0,0.9445386528968811,4129.0,0.8698915839195251,3597.0,0.9578017592430115,12228.0,0.9524098038673401,6598.0,0.8975924253463745,2949.0,0.941958487033844,3084.0,0.9538461565971375,1430.0,0.928371012210846,12118.0,0.8526654839515686,3414.0,0.0,0.0,0.0,0.0,0.0,0.0,0.0,0.0,0.0,0.0,0.0,0.0,0.0,0.0,0.0,0.0,0.0,0.0,0.0,0.0,0.0,0.0,0.0,0.0,0.0,0.0,0.0,0.0,0.0,0.0,0.0,0.0,0.0,0.0,0.0,0.0,0.0,0.0,0.0,0.0,0.9755101799964905,9555.0,0.9770481586456299,3137.0,0.9392188787460327,7963.0,0.9585062265396118,3615.0,0.9219278693199158,3548.0,0.9256485104560852,5474.0,0.9684736132621765,9611.0,0.9539870619773865,4803.0,0.9438139200210571,51632.0,0.9322966933250427,17621.0,0.9430389404296875,6601.0,0.9591341614723206,10302.0,0.958186686038971,7103.0,0.9510255455970764,7167.0,0.9606993198394775,7150.0,0.9209896326065063,6265.0,0.9461118578910828,4398.0,0.9556724429130554,13310.0,0.9541242718696594,55149.0,0.9219552278518677,14607.0,,,,,,14,17729,0.9450362920761108,0.8526654839515686
0.5717896819114685,0.32952815294265747,146.0,0.3262108266353607,156.0,0.31625834107398987,149.6666717529297,0.3295481503009796,469.6666564941406,0.33141762018203735,232.0,0.30653804540634155,103.66666412353516,0.32944604754447937,114.33333587646484,0.3253012001514435,55.33333206176758,0.32759910821914673,445.6666564941406,0.3054145574569702,131.3333282470703,0.23676611483097076,692.6666870117188,0.2872214913368225,1790.3333740234375,0.28934505581855774,568.3333129882812,0.306708961725235,3468.0,0.305180162191391,296.0,0.3101820647716522,988.6666870117188,0.3118755519390106,1657.0,0.2613764703273773,886.3333129882812,0.2969934642314911,425.0,0.26877978444099426,862.3333129882812,0.31356081366539,1270.0,0.2754918038845062,1231.3333740234375,0.19209431111812592,2403.333251953125,0.1514119952917099,1762.6666259765625,0.29153186082839966,2575.666748046875,0.23727118968963623,1444.6666259765625,0.26788991689682007,1271.6666259765625,0.2731196880340576,1518.6666259765625,0.13690738379955292,10626.0,0.14921781420707703,4247.33349609375,0.3323970139026642,356.0,0.32928064465522766,109.66666412353516,0.32680490612983704,289.3333435058594,0.3292079269886017,134.6666717529297,0.32504144310951233,134.0,0.32574525475502014,205.0,0.33142855763435364,350.0,0.32898011803627014,178.6666717529297,0.32677462697029114,1914.3333740234375,0.32761088013648987,621.3333129882812,0.3303946256637573,264.6666564941406,0.3306100070476532,408.0,0.3285340368747711,254.6666717529297,0.32944732904434204,257.3333435058594,0.33003300428390503,269.3333435058594,0.3150024116039276,230.3333282470703,0.3217054307460785,172.0,0.32998326420783997,464.3333435058594,0.3255046606063843,1987.0,0.32589200139045715,582.3333129882812,0.41072213649749756,0.8792115449905396,0.7102983593940735,0.9805721044540405,0.9162436723709106,15,18911,,
,0.9409489631652832,3878.0,0.947202742099762,4129.0,0.8721156716346741,3597.0,0.9582924246788025,12228.0,0.9533191919326782,6598.0,0.9033570885658264,2949.0,0.9312580823898315,3084.0,0.9524475336074829,1430.0,0.9317544102668762,12118.0,0.8632103204727173,3414.0,0.0,0.0,0.0,0.0,0.0,0.0,0.0,0.0,0.0,0.0,0.0,0.0,0.0,0.0,0.0,0.0,0.0,0.0,0.0,0.0,0.0,0.0,0.0,0.0,0.0,0.0,0.0,0.0,0.0,0.0,0.0,0.0,0.0,0.0,0.0,0.0,0.0,0.0,0.0,0.0,0.9736263751983643,9555.0,0.9732228517532349,3137.0,0.945121169090271,7963.0,0.9585062265396118,3615.0,0.9292559027671814,3548.0,0.9331384897232056,5474.0,0.9682655334472656,9611.0,0.960233211517334,4803.0,0.9440075755119324,51632.0,0.9385960102081299,17621.0,0.9498561024665833,6601.0,0.962046205997467,10302.0,0.9593129754066467,7103.0,0.9547927975654602,7167.0,0.9632167816162109,7150.0,0.9200319051742554,6265.0,0.9447476267814636,4398.0,0.9581517577171326,13310.0,0.9549402594566345,55149.0,0.922845184803009,14607.0,,,,,,15,18911,0.9467523694038391,0.8632103204727173
0.5184706449508667,0.3325723111629486,146.0,0.3276353180408478,156.0,0.3103192150592804,149.6666717529297,0.3236337900161743,469.6666564941406,0.3256705105304718,232.0,0.30653804540634155,103.66666412353516,0.3313896954059601,114.33333587646484,0.3333333432674408,55.33333206176758,0.3258539140224457,445.6666564941406,0.29864636063575745,131.3333282470703,0.2747834622859955,692.6666870117188,0.28399428725242615,1790.3333740234375,0.29247310757637024,568.3333129882812,0.32314494252204895,3468.0,0.30893394351005554,296.0,0.31602606177330017,988.6666870117188,0.29605042934417725,1657.0,0.2724081575870514,886.3333129882812,0.29228758811950684,425.0,0.2701971232891083,862.3333129882812,0.3271216154098511,1270.0,0.310323029756546,1231.3333740234375,0.17392510175704956,2403.333251953125,0.15777862071990967,1762.6666259765625,0.31038349866867065,2575.666748046875,0.24719274044036865,1444.6666259765625,0.28143295645713806,1271.6666259765625,0.3060432970523834,1518.6666259765625,0.07255787402391434,10626.0,0.15442369878292084,4247.33349609375,0.33302122354507446,356.0,0.326241135597229,109.66666412353516,0.3271889388561249,289.3333435058594,0.3316831588745117,134.6666717529297,0.32918739318847656,134.0,0.3273712694644928,205.0,0.3320634961128235,350.0,0.33084577322006226,178.6666717529297,0.31986767053604126,1914.3333740234375,0.3199213147163391,621.3333129882812,0.32997480034828186,264.6666564941406,0.33033767342567444,408.0,0.3333333432674408,254.6666717529297,0.33290156722068787,257.3333435058594,0.33003300428390503,269.3333435058594,0.3289918005466461,230.3333282470703,0.32687339186668396,172.0,0.32902607321739197,464.3333435058594,0.3184588849544525,1987.0,0.31711503863334656,582.3333129882812,0.2176736295223236,0.8970032334327698,0.8105913996696472,0.971156120300293,0.8959391117095947,16,20093,,
,0.9319236874580383,3878.0,0.9476870894432068,4129.0,0.880177915096283,3597.0,0.9558390378952026,12228.0,0.9516519904136658,6598.0,0.9097999334335327,2949.0,0.9445525407791138,3084.0,0.9615384340286255,1430.0,0.9320845007896423,12118.0,0.865553617477417,3414.0,0.0,0.0,0.0,0.0,0.0,0.0,0.0,0.0,0.0,0.0,0.0,0.0,0.0,0.0,0.0,0.0,0.0,0.0,0.0,0.0,0.0,0.0,0.0,0.0,0.0,0.0,0.0,0.0,0.0,0.0,0.0,0.0,0.0,0.0,0.0,0.0,0.0,0.0,0.0,0.0,0.973940372467041,9555.0,0.9725852608680725,3137.0,0.9446188807487488,7963.0,0.9582296013832092,3615.0,0.9191093444824219,3548.0,0.9362440705299377,5474.0,0.9686816930770874,9611.0,0.9618988037109375,4803.0,0.9452858567237854,51632.0,0.9383122324943542,17621.0,0.9515224695205688,6601.0,0.9626286029815674,10302.0,0.9640997052192688,7103.0,0.954653263092041,7167.0,0.9605594277381897,7150.0,0.9193934798240662,6265.0,0.9511141180992126,4398.0,0.9584522843360901,13310.0,0.955302894115448,55149.0,0.9269528388977051,14607.0,,,,,,16,20093,0.9475095272064209,0.865553617477417
0.5969619154930115,0.3318112790584564,146.0,0.3254985809326172,156.0,0.3177431523799896,149.6666717529297,0.3283652663230896,469.6666564941406,0.3304597735404968,232.0,0.3204716145992279,103.66666412353516,0.32944604754447937,114.33333587646484,0.32931727170944214,55.33333206176758,0.32809773087501526,445.6666564941406,0.30287647247314453,131.3333282470703,0.2510426640510559,692.6666870117188,0.2919381856918335,1790.3333740234375,0.2961876690387726,568.3333129882812,0.31747403740882874,3468.0,0.3119369447231293,296.0,0.3150146007537842,988.6666870117188,0.3070475459098816,1657.0,0.265889436006546,886.3333129882812,0.3006536066532135,425.0,0.2726452648639679,862.3333129882812,0.3136483132839203,1270.0,0.27467966079711914,1231.3333740234375,0.18164587020874023,2403.333251953125,0.15242056548595428,1762.6666259765625,0.2889866530895233,2575.666748046875,0.2401169091463089,1444.6666259765625,0.2655307948589325,1271.6666259765625,0.2723148763179779,1518.6666259765625,0.16209717094898224,10626.0,0.14947940409183502,4247.33349609375,0.3323970139026642,356.0,0.33029380440711975,109.66666412353516,0.32795700430870056,289.3333435058594,0.33250823616981506,134.6666717529297,0.32421228289604187,134.0,0.32682928442955017,205.0,0.3320634961128235,350.0,0.3302238881587982,178.6666717529297,0.3261941969394684,1914.3333740234375,0.32922032475471497,621.3333129882812,0.3295550048351288,264.6666564941406,0.33033767342567444,408.0,0.3324607312679291,254.6666717529297,0.33290156722068787,257.3333435058594,0.33003300428390503,269.3333435058594,0.3256150484085083,230.3333282470703,0.32687339186668396,172.0,0.331658273935318,464.3333435058594,0.32483363151550293,1987.0,0.3245563805103302,582.3333129882812,0.44843822717666626,0.8965448141098022,0.7531279921531677,0.9822109937667847,0.9086294174194336,17,21275,,
,0.9417225122451782,3878.0,0.9491402506828308,4129.0,0.8715596199035645,3597.0,0.9605822563171387,12228.0,0.9572597742080688,6598.0,0.9074262380599976,2949.0,0.9432554841041565,3084.0,0.9524475336074829,1430.0,0.9355503916740417,12118.0,0.868189811706543,3414.0,0.0,0.0,0.0,0.0,0.0,0.0,0.0,0.0,0.0,0.0,0.0,0.0,0.0,0.0,0.0,0.0,0.0,0.0,0.0,0.0,0.0,0.0,0.0,0.0,0.0,0.0,0.0,0.0,0.0,0.0,0.0,0.0,0.0,0.0,0.0,0.0,0.0,0.0,0.0,0.0,0.9747775793075562,9555.0,0.9703538417816162,3137.0,0.9493909478187561,7963.0,0.9582296013832092,3615.0,0.930665135383606,3548.0,0.9335038065910339,5474.0,0.9688898324966431,9611.0,0.9614824056625366,4803.0,0.9468159079551697,51632.0,0.9421712756156921,17621.0,0.9513710141181946,6601.0,0.9635993242263794,10302.0,0.9621286988258362,7103.0,0.9575833678245544,7167.0,0.9639160633087158,7150.0,0.9232242703437805,6265.0,0.9506593942642212,4398.0,0.9577009677886963,13310.0,0.9569711089134216,55149.0,0.9273635745048523,14607.0,,,,,,17,21275,0.9491528868675232,0.868189811706543
0.5145437121391296,0.33105024695396423,146.0,0.3262108266353607,156.0,0.31254640221595764,149.6666717529297,0.3295481503009796,469.6666564941406,0.3285440504550934,232.0,0.31511253118515015,103.66666412353516,0.33236151933670044,114.33333587646484,0.3313252925872803,55.33333206176758,0.3283470571041107,445.6666564941406,0.3079526126384735,131.3333282470703,0.2635546922683716,692.6666870117188,0.2658722698688507,1790.3333740234375,0.3014662563800812,568.3333129882812,0.31894782185554504,3468.0,0.3119369447231293,296.0,0.3151269853115082,988.6666870117188,0.3095286190509796,1657.0,0.25999748706817627,886.3333129882812,0.2907189428806305,425.0,0.2727741301059723,862.3333129882812,0.31618547439575195,1270.0,0.28424471616744995,1231.3333740234375,0.19038373231887817,2403.333251953125,0.1528618186712265,1762.6666259765625,0.29675164818763733,2575.666748046875,0.2411167472600937,1444.6666259765625,0.2708606421947479,1271.6666259765625,0.2770705223083496,1518.6666259765625,0.08230336755514145,10626.0,0.14872075617313385,4247.33349609375,0.33302122354507446,356.0,0.33130699396133423,109.66666412353516,0.3256528377532959,289.3333435058594,0.3308580815792084,134.6666717529297,0.33250415325164795,134.0,0.3279132843017578,205.0,0.3320634961128235,350.0,0.3302238881587982,178.6666717529297,0.3226536810398102,1914.3333740234375,0.3274320363998413,621.3333129882812,0.3295550048351288,264.6666564941406,0.3311546742916107,408.0,0.33158811926841736,254.6666717529297,0.3303108811378479,257.3333435058594,0.3304455578327179,269.3333435058594,0.3241678774356842,230.3333282470703,0.3249354064464569,172.0,0.331658273935318,464.3333435058594,0.32813286781311035,1987.0,0.32417479157447815,582.3333129882812,0.24691009521484375,0.8875200748443604,0.7799924612045288,0.9817044138908386,0.9238578677177429,18,22457,,
,0.9414646625518799,3878.0,0.9542261958122253,4129.0,0.8773978352546692,3597.0,0.9598462581634521,12228.0,0.9549863338470459,6598.0,0.9094608426094055,2949.0,0.9494163393974304,3084.0,0.9531468749046326,1430.0,0.9360455274581909,12118.0,0.8743409514427185,3414.0,0.0,0.0,0.0,0.0,0.0,0.0,0.0,0.0,0.0,0.0,0.0,0.0,0.0,0.0,0.0,0.0,0.0,0.0,0.0,0.0,0.0,0.0,0.0,0.0,0.0,0.0,0.0,0.0,0.0,0.0,0.0,0.0,0.0,0.0,0.0,0.0,0.0,0.0,0.0,0.0,0.9771847128868103,9555.0,0.9693974852561951,3137.0,0.9422328472137451,7963.0,0.9640387296676636,3615.0,0.9233371019363403,3548.0,0.9345999360084534,5474.0,0.9695140719413757,9611.0,0.9666875004768372,4803.0,0.948520302772522,51632.0,0.9417740106582642,17621.0,0.9507650136947632,6601.0,0.9641817212104797,10302.0,0.9622694849967957,7103.0,0.9573042988777161,7167.0,0.9651748538017273,7150.0,0.923703134059906,6265.0,0.9558890461921692,4398.0,0.9638617634773254,13310.0,0.95722496509552,55149.0,0.9316765666007996,14607.0,,,,,,18,22457,0.9502803683280945,0.8743409514427185
0.6370658874511719,0.32572299242019653,146.0,0.31980058550834656,156.0,0.3199703097343445,149.6666717529297,0.32978472113609314,469.6666564941406,0.3280651271343231,232.0,0.31939980387687683,103.66666412353516,0.30612245202064514,114.33333587646484,0.3132530152797699,55.33333206176758,0.3271004855632782,445.6666564941406,0.2817258834838867,131.3333282470703,0.26483798027038574,692.6666870117188,0.28840067982673645,1790.3333740234375,0.27781036496162415,568.3333129882812,0.3091118633747101,3468.0,0.2980480492115021,296.0,0.30928298830986023,988.6666870117188,0.30872392654418945,1657.0,0.2612510919570923,886.3333129882812,0.2862745225429535,425.0,0.2708413898944855,862.3333129882812,0.31609800457954407,1270.0,0.2830716669559479,1231.3333740234375,0.2471104860305786,2403.333251953125,0.15487897396087646,1762.6666259765625,0.2964928150177002,2575.666748046875,0.2361944317817688,1444.6666259765625,0.2683267891407013,1271.6666259765625,0.2934591770172119,1518.6666259765625,0.17304515838623047,10626.0,0.1584785133600235,4247.33349609375,0.3289637863636017,356.0,0.32928064465522766,109.66666412353516,0.31758832931518555,289.3333435058594,0.3217821717262268,134.6666717529297,0.3192371428012848,134.0,0.3246612548828125,205.0,0.3307936489582062,350.0,0.32213929295539856,178.6666717529297,0.3254396617412567,1914.3333740234375,0.32600143551826477,621.3333129882812,0.32241812348365784,264.6666564941406,0.31209149956703186,408.0,0.30191972851753235,254.6666717529297,0.316493958234787,257.3333435058594,0.31806930899620056,269.3333435058594,0.2807525396347046,230.3333282470703,0.29909560084342957,172.0,0.3192151188850403,464.3333435058594,0.32729408144950867,1987.0,0.32493796944618225,582.3333129882812,0.4646369218826294,0.8823630809783936,0.7837532758712769,0.9659118056297302,0.8422576189041138,19,23639,,
,0.9473955631256104,3878.0,0.9518043398857117,4129.0,0.8793439269065857,3597.0,0.9627085328102112,12228.0,0.9602909684181213,6598.0,0.906408965587616,2949.0,0.9474708437919617,3084.0,0.9587412476539612,1430.0,0.933899998664856,12118.0,0.8755125999450684,3414.0,0.0,0.0,0.0,0.0,0.0,0.0,0.0,0.0,0.0,0.0,0.0,0.0,0.0,0.0,0.0,0.0,0.0,0.0,0.0,0.0,0.0,0.0,0.0,0.0,0.0,0.0,0.0,0.0,0.0,0.0,0.0,0.0,0.0,0.0,0.0,0.0,0.0,0.0,0.0,0.0,0.9776033759117126,9555.0,0.9754542708396912,3137.0,0.9495165348052979,7963.0,0.9632088541984558,3615.0,0.9343292117118835,3548.0,0.9384362697601318,5474.0,0.9729476571083069,9611.0,0.9664793014526367,4803.0,0.9491981863975525,51632.0,0.9446115493774414,17621.0,0.9512194991111755,6601.0,0.9674820303916931,10302.0,0.9618471264839172,7103.0,0.9575833678245544,7167.0,0.9661538600921631,7150.0,0.9198722839355469,6265.0,0.9504320025444031,4398.0,0.9622839689254761,13310.0,0.9577326774597168,55149.0,0.9320873618125916,14607.0,,,,,,19,23639,0.9513517022132874,0.8755125999450684
0.5090648531913757,0.3325723111629486,146.0,0.32692307233810425,156.0,0.3088344633579254,149.6666717529297,0.3274189829826355,469.6666564941406,0.32758620381355286,232.0,0.321543425321579,103.66666412353516,0.33236151933670044,114.33333587646484,0.32931727170944214,55.33333206176758,0.3278484046459198,445.6666564941406,0.30033841729164124,131.3333282470703,0.24590952694416046,692.6666870117188,0.2807670831680298,1790.3333740234375,0.30381232500076294,568.3333129882812,0.3204536736011505,3468.0,0.3123123049736023,296.0,0.3152393698692322,988.6666870117188,0.3146918714046478,1657.0,0.26451048254966736,886.3333129882812,0.29411765933036804,425.0,0.2710990905761719,862.3333129882812,0.3199475109577179,1270.0,0.2924562394618988,1231.3333740234375,0.16333796083927155,2403.333251953125,0.15185324847698212,1762.6666259765625,0.29852035641670227,2575.666748046875,0.24203968048095703,1444.6666259765625,0.26989951729774475,1271.6666259765625,0.29038628935813904,1518.6666259765625,0.07984607666730881,10626.0,0.14903469383716583,4247.33349609375,0.33302122354507446,356.0,0.32928064465522766,109.66666412353516,0.3275729715824127,289.3333435058594,0.3316831588745117,134.6666717529297,0.32752901315689087,134.0,0.3306232988834381,205.0,0.33174601197242737,350.0,0.33084577322006226,178.6666717529297,0.32520750164985657,1914.3333740234375,0.3265379071235657,621.3333129882812,0.3303946256637573,264.6666564941406,0.3297930359840393,408.0,0.330715537071228,254.6666717529297,0.33246979117393494,257.3333435058594,0.33003300428390503,269.3333435058594,0.32030871510505676,230.3333282470703,0.32364341616630554,172.0,0.32998326420783997,464.3333435058594,0.32807692885398865,1987.0,0.32169434428215027,582.3333129882812,0.23953823745250702,0.8962296843528748,0.7377285957336426,0.9814362525939941,0.9010152220726013,20,24821,,
,0.9455904960632324,3878.0,0.9491402506828308,4129.0,0.8785098791122437,3597.0,0.960418701171875,12228.0,0.9584722518920898,6598.0,0.9104781150817871,2949.0,0.9500648379325867,3084.0,0.9608391523361206,1430.0,0.9375309348106384,12118.0,0.8758054971694946,3414.0,0.0,0.0,0.0,0.0,0.0,0.0,0.0,0.0,0.0,0.0,0.0,0.0,0.0,0.0,0.0,0.0,0.0,0.0,0.0,0.0,0.0,0.0,0.0,0.0,0.0,0.0,0.0,0.0,0.0,0.0,0.0,0.0,0.0,0.0,0.0,0.0,0.0,0.0,0.0,0.0,0.9776033759117126,9555.0,0.9767293334007263,3137.0,0.9426095485687256,7963.0,0.9607192277908325,3615.0,0.9371476769447327,3548.0,0.940263032913208,5474.0,0.973884105682373,9611.0,0.9679366946220398,4803.0,0.9488689303398132,51632.0,0.9425685405731201,17621.0,0.9525829553604126,6601.0,0.9645699858665466,10302.0,0.962973415851593,7103.0,0.9554904699325562,7167.0,0.9697902202606201,7150.0,0.9284915924072266,6265.0,0.9574806690216064,4398.0,0.9627347588539124,13310.0,0.9586393237113953,55149.0,0.9354419112205505,14607.0,,,,,,20,24821,0.9517418742179871,0.8758054971694946
0.47210007905960083,0.33105024695396423,146.0,0.3283475935459137,156.0,0.30809205770492554,149.6666717529297,0.32576295733451843,469.6666564941406,0.3285440504550934,232.0,0.312968909740448,103.66666412353516,0.33236151933670044,114.33333587646484,0.3313252925872803,55.33333206176758,0.31637996435165405,445.6666564941406,0.30287647247314453,131.3333282470703,0.2714148163795471,692.6666870117188,0.16576677560806274,1790.3333740234375,0.30087974667549133,568.3333129882812,0.3240099847316742,3468.0,0.315315306186676,296.0,0.3210833966732025,988.6666870117188,0.2987997233867645,1657.0,0.24846433103084564,886.3333129882812,0.2917647063732147,425.0,0.28978225588798523,862.3333129882812,0.30866143107414246,1270.0,0.2774769961833954,1231.3333740234375,0.1514100879430771,2403.333251953125,0.1480080634355545,1762.6666259765625,0.2925671935081482,2575.666748046875,0.23896324634552002,1444.6666259765625,0.2672782838344574,1271.6666259765625,0.27275386452674866,1518.6666259765625,0.060041408985853195,10626.0,0.1441427320241928,4247.33349609375,0.33270910382270813,356.0,0.3272543251514435,109.66666412353516,0.32795700430870056,289.3333435058594,0.3308580815792084,134.6666717529297,0.33250415325164795,134.0,0.3300813138484955,205.0,0.3323809504508972,350.0,0.33084577322006226,178.6666717529297,0.32375645637512207,1914.3333740234375,0.3295779526233673,621.3333129882812,0.3308144509792328,264.6666564941406,0.3300653398036957,408.0,0.33289703726768494,254.6666717529297,0.33290156722068787,257.3333435058594,0.32962045073509216,269.3333435058594,0.329956591129303,230.3333282470703,0.32687339186668396,172.0,0.3304618299007416,464.3333435058594,0.32488957047462463,1987.0,0.32570120692253113,582.3333129882812,0.1801242232322693,0.8456050753593445,0.49730032682418823,0.9795888066291809,0.9086294174194336,21,26003,,
,0.9422382712364197,3878.0,0.9469605088233948,4129.0,0.8865721225738525,3597.0,0.9622178673744202,12228.0,0.9545316696166992,6598.0,0.9165818691253662,2949.0,0.94520103931427,3084.0,0.9573426842689514,1430.0,0.9372008442878723,12118.0,0.868189811706543,3414.0,0.0,0.0,0.0,0.0,0.0,0.0,0.0,0.0,0.0,0.0,0.0,0.0,0.0,0.0,0.0,0.0,0.0,0.0,0.0,0.0,0.0,0.0,0.0,0.0,0.0,0.0,0.0,0.0,0.0,0.0,0.0,0.0,0.0,0.0,0.0,0.0,0.0,0.0,0.0,0.0,0.9763474464416504,9555.0,0.9725852608680725,3137.0,0.9482607245445251,7963.0,0.9601659774780273,3615.0,0.9326381087303162,3548.0,0.9369747638702393,5474.0,0.9709707498550415,9611.0,0.9656464457511902,4803.0,0.9488301873207092,51632.0,0.9448952674865723,17621.0,0.957733690738678,6601.0,0.9647641181945801,10302.0,0.9635365605354309,7103.0,0.961908757686615,7167.0,0.966853141784668,7150.0,0.9326416850090027,6265.0,0.9567985534667969,4398.0,0.9673178195953369,13310.0,0.9594915509223938,55149.0,0.9333881139755249,14607.0,,,,,,21,26003,0.9521419405937195,0.868189811706543
0.510099470615387,0.3318112790584564,146.0,0.3254985809326172,156.0,0.31254640221595764,149.6666717529297,0.32978472113609314,469.6666564941406,0.3285440504550934,232.0,0.31939980387687683,103.66666412353516,0.33236151933670044,114.33333587646484,0.3333333432674408,55.33333206176758,0.32809773087501526,445.6666564941406,0.3071065843105316,131.3333282470703,0.24334295094013214,692.6666870117188,0.296406626701355,1790.3333740234375,0.2999022305011749,568.3333129882812,0.29443803429603577,3468.0,0.3059309422969818,296.0,0.31602606177330017,988.6666870117188,0.2973244786262512,1657.0,0.27441394329071045,886.3333129882812,0.2886274456977844,425.0,0.26736244559288025,862.3333129882812,0.32598426938056946,1270.0,0.30978164076805115,1231.3333740234375,0.16407766938209534,2403.333251953125,0.15784165263175964,1762.6666259765625,0.3109442889690399,2575.666748046875,0.24903862178325653,1444.6666259765625,0.28003495931625366,1271.6666259765625,0.30494585633277893,1518.6666259765625,0.06725641340017319,10626.0,0.15494689345359802,4247.33349609375,0.33302122354507446,356.0,0.33130699396133423,109.66666412353516,0.3275729715824127,289.3333435058594,0.3308580815792084,134.6666717529297,0.32587066292762756,134.0,0.3273712694644928,205.0,0.3323809504508972,350.0,0.33084577322006226,178.6666717529297,0.3257879316806793,1914.3333740234375,0.3290414810180664,621.3333129882812,0.33123424649238586,264.6666564941406,0.3300653398036957,408.0,0.33289703726768494,254.6666717529297,0.33246979117393494,257.3333435058594,0.33003300428390503,269.3333435058594,0.3222382962703705,230.3333282470703,0.3249354064464569,172.0,0.33070114254951477,464.3333435058594,0.328468382358551,1987.0,0.31959548592567444,582.3333129882812,0.20176924765110016,0.8722782731056213,0.7300288677215576,0.9830750823020935,0.9213197827339172,22,27185,,
,0.9468798637390137,3878.0,0.9503511786460876,4129.0,0.8899082541465759,3597.0,0.9640988111495972,12228.0,0.9599878787994385,6598.0,0.9159036874771118,2949.0,0.9426069855690002,3084.0,0.9580419659614563,1430.0,0.9379435777664185,12118.0,0.8740480542182922,3414.0,0.0,0.0,0.0,0.0,0.0,0.0,0.0,0.0,0.0,0.0,0.0,0.0,0.0,0.0,0.0,0.0,0.0,0.0,0.0,0.0,0.0,0.0,0.0,0.0,0.0,0.0,0.0,0.0,0.0,0.0,0.0,0.0,0.0,0.0,0.0,0.0,0.0,0.0,0.0,0.0,0.9799057841300964,9555.0,0.9773669242858887,3137.0,0.9487630128860474,7963.0,0.9629322290420532,3615.0,0.9374295473098755,3548.0,0.940263032913208,5474.0,0.9707626700401306,9611.0,0.967103898525238,4803.0,0.949662983417511,51632.0,0.9475058317184448,17621.0,0.955461323261261,6601.0,0.9682586193084717,10302.0,0.963254988193512,7103.0,0.9621878266334534,7167.0,0.9678321480751038,7150.0,0.9329608678817749,6265.0,0.960663914680481,4398.0,0.9661908149719238,13310.0,0.958657443523407,55149.0,0.9340042471885681,14607.0,,,,,,22,27185,0.9531669616699219,0.8740480542182922
0.578056275844574,0.3280060887336731,146.0,0.32905980944633484,156.0,0.32145509123802185,149.6666717529297,0.3302578628063202,469.6666564941406,0.32998085021972656,232.0,0.3076098561286926,103.66666412353516,0.32944604754447937,114.33333587646484,0.3333333432674408,55.33333206176758,0.32884567975997925,445.6666564941406,0.3045685291290283,131.3333282470703,0.21944177150726318,692.6666870117188,0.2830013036727905,1790.3333740234375,0.29130008816719055,568.3333129882812,0.31712162494659424,3468.0,0.3104354441165924,296.0,0.3146774470806122,988.6666870117188,0.2933681905269623,1657.0,0.2704024016857147,886.3333129882812,0.2969934642314911,425.0,0.26710474491119385,862.3333129882812,0.30953630805015564,1270.0,0.2734163701534271,1231.3333740234375,0.18714748322963715,2403.333251953125,0.14882753789424896,1762.6666259765625,0.2905396521091461,2575.666748046875,0.23219503462314606,1444.6666259765625,0.2659676671028137,1271.6666259765625,0.27392449975013733,1518.6666259765625,0.1476462334394455,10626.0,0.1445874571800232,4247.33349609375,0.3314606845378876,356.0,0.33029380440711975,109.66666412353516,0.3275729715824127,289.3333435058594,0.3292079269886017,134.6666717529297,0.3208955228328705,134.0,0.3246612548828125,205.0,0.3311111032962799,350.0,0.32587066292762756,178.6666717529297,0.32596203684806824,1914.3333740234375,0.32510730624198914,621.3333129882812,0.3320738971233368,264.6666564941406,0.3292483687400818,408.0,0.3228621184825897,254.6666717529297,0.32815197110176086,257.3333435058594,0.327557772397995,269.3333435058594,0.2976362705230713,230.3333282470703,0.3210594356060028,172.0,0.32902607321739197,464.3333435058594,0.32589611411094666,1987.0,0.3264644145965576,582.3333129882812,0.4337623715400696,0.8790969252586365,0.6583253145217896,0.9782776832580566,0.8929088115692139,23,28367,,
,0.9494584798812866,3878.0,0.9573746919631958,4129.0,0.8890742063522339,3597.0,0.9663068652153015,12228.0,0.960594117641449,6598.0,0.9199728965759277,2949.0,0.9523346424102783,3084.0,0.9608391523361206,1430.0,0.9435550570487976,12118.0,0.8799062967300415,3414.0,0.0,0.0,0.0,0.0,0.0,0.0,0.0,0.0,0.0,0.0,0.0,0.0,0.0,0.0,0.0,0.0,0.0,0.0,0.0,0.0,0.0,0.0,0.0,0.0,0.0,0.0,0.0,0.0,0.0,0.0,0.0,0.0,0.0,0.0,0.0,0.0,0.0,0.0,0.0,0.0,0.978649914264679,9555.0,0.9751355051994324,3137.0,0.9510234594345093,7963.0,0.9673582315444946,3615.0,0.9368658661842346,3548.0,0.9479357004165649,5474.0,0.9729476571083069,9611.0,0.9691859483718872,4803.0,0.9519484043121338,51632.0,0.9494920969009399,17621.0,0.9571276903152466,6601.0,0.9675791263580322,10302.0,0.9684640169143677,7103.0,0.9592577219009399,7167.0,0.9689510464668274,7150.0,0.9265761971473694,6265.0,0.9563437700271606,4398.0,0.9669421315193176,13310.0,0.9614136219024658,55149.0,0.936811089515686,14607.0,,,,,,23,28367,0.9551905393600464,0.8799062967300415
0.666705846786499,0.33028918504714966,146.0,0.3283475935459137,156.0,0.3103192150592804,149.6666717529297,0.3293115794658661,469.6666564941406,0.3295018970966339,232.0,0.312968909740448,103.66666412353516,0.3265306055545807,114.33333587646484,0.3253012001514435,55.33333206176758,0.32685115933418274,445.6666564941406,0.30287647247314453,131.3333282470703,0.2759063243865967,692.6666870117188,0.27567800879478455,1790.3333740234375,0.28191593289375305,568.3333129882812,0.2879981994628906,3468.0,0.3029279410839081,296.0,0.3125421404838562,988.6666870117188,0.301884263753891,1657.0,0.2462078481912613,886.3333129882812,0.2899346351623535,425.0,0.29132843017578125,862.3333129882812,0.31898513436317444,1270.0,0.2914636433124542,1231.3333740234375,0.22806286811828613,2403.333251953125,0.15777862071990967,1762.6666259765625,0.2972693145275116,2575.666748046875,0.24134749174118042,1444.6666259765625,0.2704237699508667,1271.6666259765625,0.29967808723449707,1518.6666259765625,0.1975657194852829,10626.0,0.16428609192371368,4247.33349609375,0.33302122354507446,356.0,0.33130699396133423,109.66666412353516,0.32526883482933044,289.3333435058594,0.3316831588745117,134.6666717529297,0.32752901315689087,134.0,0.32899728417396545,205.0,0.33174601197242737,350.0,0.33084577322006226,178.6666717529297,0.32433685660362244,1914.3333740234375,0.32975679636001587,621.3333129882812,0.33249369263648987,264.6666564941406,0.3306100070476532,408.0,0.32722511887550354,254.6666717529297,0.32944732904434204,257.3333435058594,0.32838281989097595,269.3333435058594,0.30921369791030884,230.3333282470703,0.32364341616630554,172.0,0.3314189910888672,464.3333435058594,0.3279092013835907,1987.0,0.32684603333473206,582.3333129882812,0.473335862159729,0.8599873781204224,0.7386235594749451,0.9810786843299866,0.9086294174194336,24,29549,,
,0.9520371556282043,3878.0,0.9542261958122253,4129.0,0.8904642462730408,3597.0,0.9629538655281067,12228.0,0.9610487818717957,6598.0,0.9179382920265198,2949.0,0.953955888748169,3084.0,0.9657342433929443,1430.0,0.9456180930137634,12118.0,0.8801991939544678,3414.0,0.0,0.0,0.0,0.0,0.0,0.0,0.0,0.0,0.0,0.0,0.0,0.0,0.0,0.0,0.0,0.0,0.0,0.0,0.0,0.0,0.0,0.0,0.0,0.0,0.0,0.0,0.0,0.0,0.0,0.0,0.0,0.0,0.0,0.0,0.0,0.0,0.0,0.0,0.0,0.0,0.9765567779541016,9555.0,0.9780044555664062,3137.0,0.952279269695282,7963.0,0.9634854793548584,3615.0,0.9441938996315002,3548.0,0.9459261894226074,5474.0,0.9748204946517944,9611.0,0.9708515405654907,4803.0,0.9527618288993835,51632.0,0.9519323706626892,17621.0,0.9583396315574646,6601.0,0.9685497879981995,10302.0,0.9680416584014893,7103.0,0.9644202589988708,7167.0,0.9728671312332153,7150.0,0.9366320967674255,6265.0,0.9574806690216064,4398.0,0.967993974685669,13310.0,0.960253119468689,55149.0,0.9405079483985901,14607.0,,,,,,24,29549,0.9560468792915344,0.8801991939544678
0.6349848508834839,0.32496193051338196,146.0,0.3226495683193207,156.0,0.3199703097343445,149.6666717529297,0.3312041461467743,469.6666564941406,0.3271072804927826,232.0,0.321543425321579,103.66666412353516,0.323615163564682,114.33333587646484,0.3253012001514435,55.33333206176758,0.3263525366783142,445.6666564941406,0.2893401086330414,131.3333282470703,0.23034970462322235,692.6666870117188,0.3013094961643219,1790.3333740234375,0.26920822262763977,568.3333129882812,0.13062283396720886,3468.0,0.2916666567325592,296.0,0.29826927185058594,988.6666870117188,0.30161604285240173,1657.0,0.2556098699569702,886.3333129882812,0.2967320382595062,425.0,0.25331786274909973,862.3333129882812,0.3235345482826233,1270.0,0.310323029756546,1231.3333740234375,0.23088304698467255,2403.333251953125,0.15689611434936523,1762.6666259765625,0.3055950999259949,2575.666748046875,0.24450086057186127,1444.6666259765625,0.27688947319984436,1271.6666259765625,0.31160375475883484,1518.6666259765625,0.1637597531080246,10626.0,0.15790300071239471,4247.33349609375,0.3317727744579315,356.0,0.3323201537132263,109.66666412353516,0.32450076937675476,289.3333435058594,0.3292079269886017,134.6666717529297,0.3175787627696991,134.0,0.32628726959228516,205.0,0.33142855763435364,350.0,0.3283582031726837,178.6666717529297,0.3279934823513031,1914.3333740234375,0.32939913868904114,621.3333129882812,0.3308144509792328,264.6666564941406,0.33169934153556824,408.0,0.32722511887550354,254.6666717529297,0.32642486691474915,257.3333435058594,0.3263201415538788,269.3333435058594,0.3150024116039276,230.3333282470703,0.32687339186668396,172.0,0.33070114254951477,464.3333435058594,0.32796511054039,1987.0,0.3255104124546051,582.3333129882812,0.4706883430480957,0.7109214067459106,0.3918685019016266,0.9815255999565125,0.8680202960968018,25,30731,,
,0.949716329574585,3878.0,0.9585856199264526,4129.0,0.8985265493392944,3597.0,0.9662250280380249,12228.0,0.9658987522125244,6598.0,0.9155645966529846,2949.0,0.9490920901298523,3084.0,0.9622377753257751,1430.0,0.9427298307418823,12118.0,0.8784416913986206,3414.0,0.0,0.0,0.0,0.0,0.0,0.0,0.0,0.0,0.0,0.0,0.0,0.0,0.0,0.0,0.0,0.0,0.0,0.0,0.0,0.0,0.0,0.0,0.0,0.0,0.0,0.0,0.0,0.0,0.0,0.0,0.0,0.0,0.0,0.0,0.0,0.0,0.0,0.0,0.0,0.0,0.9777079820632935,9555.0,0.9725852608680725,3137.0,0.9505211710929871,7963.0,0.9681881070137024,3615.0,0.9348928928375244,3548.0,0.9431859850883484,5474.0,0.9741962552070618,9611.0,0.9683530926704407,4803.0,0.9535171985626221,51632.0,0.9510243535041809,17621.0,0.9581881761550903,6601.0,0.9673849940299988,10302.0,0.969167947769165,7103.0,0.9660946130752563,7167.0,0.9702097773551941,7150.0,0.936472475528717,6265.0,0.9597544074058533,4398.0,0.9675431847572327,13310.0,0.9613048434257507,55149.0,0.9387964606285095,14607.0,,,,,,25,30731,0.9561130404472351,0.8784416913986206
0.695417046546936,0.3226788341999054,146.0,0.3276353180408478,156.0,0.31700074672698975,149.6666717529297,0.3302578628063202,469.6666564941406,0.3271072804927826,232.0,0.31939980387687683,103.66666412353516,0.32264333963394165,114.33333587646484,0.3273092210292816,55.33333206176758,0.3278484046459198,445.6666564941406,0.2884940803050995,131.3333282470703,0.22393326461315155,692.6666870117188,0.2807050049304962,1790.3333740234375,0.2887585461139679,568.3333129882812,0.3151992857456207,3468.0,0.3003003001213074,296.0,0.30804675817489624,988.6666870117188,0.3084557056427002,1657.0,0.25335338711738586,886.3333129882812,0.2894117534160614,425.0,0.2529313266277313,862.3333129882812,0.3030621111392975,1270.0,0.26511460542678833,1231.3333740234375,0.26204344630241394,2403.333251953125,0.16704487800598145,1762.6666259765625,0.27621760964393616,2575.666748046875,0.23765574395656586,1444.6666259765625,0.2566186189651489,1271.6666259765625,0.2701931595802307,1518.6666259765625,0.2321559190750122,10626.0,0.15965573489665985,4247.33349609375,0.3314606845378876,356.0,0.33029380440711975,109.66666412353516,0.32795700430870056,289.3333435058594,0.33003300428390503,134.6666717529297,0.3192371428012848,134.0,0.3246612548828125,205.0,0.33047619462013245,350.0,0.3296019732952118,178.6666717529297,0.3278193771839142,1914.3333740234375,0.32814735174179077,621.3333129882812,0.3320738971233368,264.6666564941406,0.32952070236206055,408.0,0.32591623067855835,254.6666717529297,0.3246977627277374,257.3333435058594,0.32673266530036926,269.3333435058594,0.32175591588020325,230.3333282470703,0.3262273967266083,172.0,0.33070114254951477,464.3333435058594,0.32813286781311035,1987.0,0.3237931728363037,582.3333129882812,0.47896718978881836,0.8728512525558472,0.6717997789382935,0.9812276363372803,0.8654822111129761,26,31913,,
,0.9535843133926392,3878.0,0.9641559720039368,4129.0,0.8993605971336365,3597.0,0.966552197933197,12228.0,0.9624128341674805,6598.0,0.9165818691253662,2949.0,0.9542801380157471,3084.0,0.9650349617004395,1430.0,0.944545328617096,12118.0,0.8842999339103699,3414.0,0.0,0.0,0.0,0.0,0.0,0.0,0.0,0.0,0.0,0.0,0.0,0.0,0.0,0.0,0.0,0.0,0.0,0.0,0.0,0.0,0.0,0.0,0.0,0.0,0.0,0.0,0.0,0.0,0.0,0.0,0.0,0.0,0.0,0.0,0.0,0.0,0.0,0.0,0.0,0.0,0.9791731834411621,9555.0,0.9754542708396912,3137.0,0.9508979320526123,7963.0,0.9679114818572998,3615.0,0.9317925572395325,3548.0,0.944282054901123,5474.0,0.9725314974784851,9611.0,0.9687694907188416,4803.0,0.9541950821876526,51632.0,0.9504568576812744,17621.0,0.9618239402770996,6601.0,0.970588207244873,10302.0,0.9676192998886108,7103.0,0.9638621211051941,7167.0,0.9718881249427795,7150.0,0.9398244023323059,6265.0,0.9615734219551086,4398.0,0.9667918682098389,13310.0,0.9631362557411194,55149.0,0.9398233890533447,14607.0,,,,,,26,31913,0.9570884704589844,0.8842999339103699
0.5564229488372803,0.30745813250541687,146.0,0.30413106083869934,156.0,0.3088344633579254,149.6666717529297,0.32789212465286255,469.6666564941406,0.31896552443504333,232.0,0.312968909740448,103.66666412353516,0.2954324781894684,114.33333587646484,0.31124499440193176,55.33333206176758,0.32535526156425476,445.6666564941406,0.25296106934547424,131.3333282470703,0.20516522228717804,692.6666870117188,0.2950412631034851,1790.3333740234375,0.270772248506546,568.3333129882812,0.21648724377155304,3468.0,0.2864114046096802,296.0,0.29804450273513794,988.6666870117188,0.29987260699272156,1657.0,0.24307383596897125,886.3333129882812,0.2862745225429535,425.0,0.262466162443161,862.3333129882812,0.3226596713066101,1270.0,0.3012091815471649,1231.3333740234375,0.21918630599975586,2403.333251953125,0.1557614654302597,1762.6666259765625,0.30762264132499695,2575.666748046875,0.24073219299316406,1444.6666259765625,0.2769768536090851,1271.6666259765625,0.309920996427536,1518.6666259765625,0.09976577758789062,10626.0,0.15382200479507446,4247.33349609375,0.32615479826927185,356.0,0.33029380440711975,109.66666412353516,0.32027649879455566,289.3333435058594,0.3201320171356201,134.6666717529297,0.3051409423351288,134.0,0.3159891664981842,205.0,0.3250793516635895,350.0,0.32027363777160645,178.6666717529297,0.32503336668014526,1914.3333740234375,0.32510730624198914,621.3333129882812,0.32199832797050476,264.6666564941406,0.31617647409439087,408.0,0.3058464229106903,254.6666717529297,0.3199481964111328,257.3333435058594,0.3201320171356201,269.3333435058594,0.2773757874965668,230.3333282470703,0.30813953280448914,172.0,0.3240009546279907,464.3333435058594,0.32762959599494934,1987.0,0.327990859746933,582.3333129882812,0.2992973327636719,0.777360737323761,0.6154956817626953,0.9620083570480347,0.7588832378387451,27,33095,,
,0.9553893804550171,3878.0,0.9583434462547302,4129.0,0.8915762901306152,3597.0,0.9676153063774109,12228.0,0.9627159833908081,6598.0,0.9247202277183533,2949.0,0.9455252885818481,3084.0,0.9650349617004395,1430.0,0.9448754191398621,12118.0,0.8878148794174194,3414.0,0.0,0.0,0.0,0.0,0.0,0.0,0.0,0.0,0.0,0.0,0.0,0.0,0.0,0.0,0.0,0.0,0.0,0.0,0.0,0.0,0.0,0.0,0.0,0.0,0.0,0.0,0.0,0.0,0.0,0.0,0.0,0.0,0.0,0.0,0.0,0.0,0.0,0.0,0.0,0.0,0.9794871807098389,9555.0,0.9748166799545288,3137.0,0.9573025107383728,7963.0,0.968464732170105,3615.0,0.9427846670150757,3548.0,0.9486663937568665,5474.0,0.9705545902252197,9611.0,0.9721007943153381,4803.0,0.9553183913230896,51632.0,0.9505136013031006,17621.0,0.9616724848747253,6601.0,0.9720442891120911,10302.0,0.9701534509658813,7103.0,0.9616296887397766,7167.0,0.9693706035614014,7150.0,0.9425379037857056,6265.0,0.9577080607414246,4398.0,0.9686701893806458,13310.0,0.9631362557411194,55149.0,0.9426987171173096,14607.0,,,,,,27,33095,0.9578191637992859,0.8878148794174194
0.5726361870765686,0.33028918504714966,146.0,0.3304843306541443,156.0,0.31625834107398987,149.6666717529297,0.32789212465286255,469.6666564941406,0.3285440504550934,232.0,0.31939980387687683,103.66666412353516,0.3304179012775421,114.33333587646484,0.32931727170944214,55.33333206176758,0.32759910821914673,445.6666564941406,0.3087986409664154,131.3333282470703,0.27927494049072266,692.6666870117188,0.2692856788635254,1790.3333740234375,0.2989247143268585,568.3333129882812,0.2945341467857361,3468.0,0.31381380558013916,296.0,0.31872329115867615,988.6666870117188,0.2631261348724365,1657.0,0.2724081575870514,886.3333129882812,0.29281046986579895,425.0,0.2939054071903229,862.3333129882812,0.3247593939304352,1270.0,0.29976537823677063,1231.3333740234375,0.19214053452014923,2403.333251953125,0.15607665479183197,1762.6666259765625,0.30529311299324036,2575.666748046875,0.24334716796875,1444.6666259765625,0.27715161442756653,1271.6666259765625,0.30187299847602844,1518.6666259765625,0.12132713943719864,10626.0,0.15426672995090485,4247.33349609375,0.3317727744579315,356.0,0.33029380440711975,109.66666412353516,0.3291090726852417,289.3333435058594,0.33250823616981506,134.6666717529297,0.3300165832042694,134.0,0.3300813138484955,205.0,0.33174601197242737,350.0,0.3302238881587982,178.6666717529297,0.3274711072444916,1914.3333740234375,0.32993564009666443,621.3333129882812,0.33249369263648987,264.6666564941406,0.33169934153556824,408.0,0.33158811926841736,254.6666717529297,0.33074265718460083,257.3333435058594,0.33003300428390503,269.3333435058594,0.32465025782585144,230.3333282470703,0.32687339186668396,172.0,0.3304618299007416,464.3333435058594,0.328468382358551,1987.0,0.327990859746933,582.3333129882812,0.3639814257621765,0.8586981296539307,0.7893784046173096,0.985846221446991,0.9263959527015686,28,34277,,
,0.954357922077179,3878.0,0.9551949501037598,4129.0,0.8918543457984924,3597.0,0.9657343626022339,12228.0,0.9671112298965454,6598.0,0.92811119556427,2949.0,0.9559014439582825,3084.0,0.966433584690094,1430.0,0.9457831382751465,12118.0,0.8910369277000427,3414.0,0.0,0.0,0.0,0.0,0.0,0.0,0.0,0.0,0.0,0.0,0.0,0.0,0.0,0.0,0.0,0.0,0.0,0.0,0.0,0.0,0.0,0.0,0.0,0.0,0.0,0.0,0.0,0.0,0.0,0.0,0.0,0.0,0.0,0.0,0.0,0.0,0.0,0.0,0.0,0.0,0.9780219793319702,9555.0,0.9713101983070374,3137.0,0.9552932381629944,7963.0,0.9676348567008972,3615.0,0.947576105594635,3548.0,0.9406284093856812,5474.0,0.9726355075836182,9611.0,0.970018744468689,4803.0,0.9540788531303406,51632.0,0.9531808495521545,17621.0,0.9654597640037537,6601.0,0.9715589284896851,10302.0,0.9673377275466919,7103.0,0.96455979347229,7167.0,0.9744055867195129,7150.0,0.9375897645950317,6265.0,0.9613460898399353,4398.0,0.9666416049003601,13310.0,0.9622477293014526,55149.0,0.9420140981674194,14607.0,,,,,,28,34277,0.9576009511947632,0.8910369277000427
0.6075081825256348,0.3280060887336731,146.0,0.3283475935459137,156.0,0.32145509123802185,149.6666717529297,0.32978472113609314,469.6666564941406,0.3280651271343231,232.0,0.31939980387687683,103.66666412353516,0.3255588114261627,114.33333587646484,0.3273092210292816,55.33333206176758,0.33034154772758484,445.6666564941406,0.3087986409664154,131.3333282470703,0.25553417205810547,692.6666870117188,0.30565381050109863,1790.3333740234375,0.29775169491767883,568.3333129882812,0.2991798222064972,3468.0,0.3078078031539917,296.0,0.30692291259765625,988.6666870117188,0.30979683995246887,1657.0,0.26476117968559265,886.3333129882812,0.294901967048645,425.0,0.259631484746933,862.3333129882812,0.32449695467948914,1270.0,0.3047283887863159,1231.3333740234375,0.18173831701278687,2403.333251953125,0.1572112888097763,1762.6666259765625,0.3042577803134918,2575.666748046875,0.2447315901517868,1444.6666259765625,0.27470511198043823,1271.6666259765625,0.3089698553085327,1518.6666259765625,0.15326139330863953,10626.0,0.15437136590480804,4247.33349609375,0.33114856481552124,356.0,0.32928064465522766,109.66666412353516,0.3271889388561249,289.3333435058594,0.33250823616981506,134.6666717529297,0.323383092880249,134.0,0.32953929901123047,205.0,0.3320634961128235,350.0,0.32524874806404114,178.6666717529297,0.32810959219932556,1914.3333740234375,0.32922032475471497,621.3333129882812,0.3320738971233368,264.6666564941406,0.3325163424015045,408.0,0.32940664887428284,254.6666717529297,0.3316062092781067,257.3333435058594,0.3287953734397888,269.3333435058594,0.321273535490036,230.3333282470703,0.32687339186668396,172.0,0.33022254705429077,464.3333435058594,0.32807692885398865,1987.0,0.328181654214859,582.3333129882812,0.4597841799259186,0.882563591003418,0.7666025161743164,0.9851906895637512,0.9263959527015686,29,35459,,
,0.954357922077179,3878.0,0.9617340564727783,4129.0,0.8938003778457642,3597.0,0.9688420295715332,12228.0,0.9672628045082092,6598.0,0.9294676184654236,2949.0,0.9575226902961731,3084.0,0.9566433429718018,1430.0,0.9502393007278442,12118.0,0.8866432309150696,3414.0,0.0,0.0,0.0,0.0,0.0,0.0,0.0,0.0,0.0,0.0,0.0,0.0,0.0,0.0,0.0,0.0,0.0,0.0,0.0,0.0,0.0,0.0,0.0,0.0,0.0,0.0,0.0,0.0,0.0,0.0,0.0,0.0,0.0,0.0,0.0,0.0,0.0,0.0,0.0,0.0,0.9787545800209045,9555.0,0.9754542708396912,3137.0,0.9544141888618469,7963.0,0.9618257284164429,3615.0,0.9394024610519409,3548.0,0.9450128078460693,5474.0,0.9760690927505493,9611.0,0.9706433415412903,4803.0,0.9559381604194641,51632.0,0.9519323706626892,17621.0,0.9598545432090759,6601.0,0.9735003113746643,10302.0,0.9726876020431519,7103.0,0.9673503637313843,7167.0,0.9765034914016724,7150.0,0.943336009979248,6265.0,0.9588449001312256,4398.0,0.9706987142562866,13310.0,0.9640610218048096,55149.0,0.9415348768234253,14607.0,,,,,,29,35459,0.9590293765068054,0.8866432309150696
0.5874150395393372,0.33105024695396423,146.0,0.32977208495140076,156.0,0.31700074672698975,149.6666717529297,0.3286018371582031,469.6666564941406,0.3309386968612671,232.0,0.3204716145992279,103.66666412353516,0.32944604754447937,114.33333587646484,0.3313252925872803,55.33333206176758,0.32610321044921875,445.6666564941406,0.3045685291290283,131.3333282470703,0.25890278816223145,692.6666870117188,0.2893315851688385,1790.3333740234375,0.2983382046222687,568.3333129882812,0.2440727949142456,3468.0,0.30930930376052856,296.0,0.3131040632724762,988.6666870117188,0.2977938652038574,1657.0,0.262755423784256,886.3333129882812,0.3011764585971832,425.0,0.27998968958854675,862.3333129882812,0.3223972022533417,1270.0,0.2929074168205261,1231.3333740234375,0.18525196611881256,2403.333251953125,0.15487897396087646,1762.6666259765625,0.30015960335731506,2575.666748046875,0.2425011545419693,1444.6666259765625,0.27514198422431946,1271.6666259765625,0.2917032539844513,1518.6666259765625,0.1401384472846985,10626.0,0.15481609106063843,4247.33349609375,0.3323970139026642,356.0,0.32826748490333557,109.66666412353516,0.32872503995895386,289.3333435058594,0.33250823616981506,134.6666717529297,0.326699823141098,134.0,0.3284552991390228,205.0,0.33174601197242737,350.0,0.3302238881587982,178.6666717529297,0.3279934823513031,1914.3333740234375,0.32993564009666443,621.3333129882812,0.3320738971233368,264.6666564941406,0.3311546742916107,408.0,0.33289703726768494,254.6666717529297,0.3316062092781067,257.3333435058594,0.32962045073509216,269.3333435058594,0.3260974586009979,230.3333282470703,0.32687339186668396,172.0,0.32878679037094116,464.3333435058594,0.3101828396320343,1987.0,0.32780003547668457,582.3333129882812,0.42041534185409546,0.8277561068534851,0.7322183847427368,0.9759833216667175,0.913705587387085,30,36641,,
,0.9535843133926392,3878.0,0.9624606370925903,4129.0,0.9040867686271667,3597.0,0.9690055847167969,12228.0,0.9675659537315369,6598.0,0.9253984689712524,2949.0,0.9546043872833252,3084.0,0.9636363387107849,1430.0,0.9489189386367798,12118.0,0.893966019153595,3414.0,0.0,0.0,0.0,0.0,0.0,0.0,0.0,0.0,0.0,0.0,0.0,0.0,0.0,0.0,0.0,0.0,0.0,0.0,0.0,0.0,0.0,0.0,0.0,0.0,0.0,0.0,0.0,0.0,0.0,0.0,0.0,0.0,0.0,0.0,0.0,0.0,0.0,0.0,0.0,0.0,0.9802197813987732,9555.0,0.9780044555664062,3137.0,0.9570513367652893,7963.0,0.9704011082649231,3615.0,0.9458850026130676,3548.0,0.9508585929870605,5474.0,0.9750286340713501,9611.0,0.9698105454444885,4803.0,0.9545630812644958,51632.0,0.9550536274909973,17621.0,0.9609150290489197,6601.0,0.9744709730148315,10302.0,0.9738138914108276,7103.0,0.9670712947845459,7167.0,0.9746853113174438,7150.0,0.9382282495498657,6265.0,0.9618008136749268,4398.0,0.9686701893806458,13310.0,0.9638978242874146,55149.0,0.9469432234764099,14607.0,,,,,,30,36641,0.9595980644226074,0.893966019153595
0.5779034495353699,0.3333333432674408,146.0,0.3283475935459137,156.0,0.3192279040813446,149.6666717529297,0.3245800733566284,469.6666564941406,0.32614943385124207,232.0,0.31939980387687683,103.66666412353516,0.33236151933670044,114.33333587646484,0.3333333432674408,55.33333206176758,0.32685115933418274,445.6666564941406,0.3054145574569702,131.3333282470703,0.25457170605659485,692.6666870117188,0.2870353162288666,1790.3333740234375,0.29540565609931946,568.3333129882812,0.2596757709980011,3468.0,0.3081831634044647,296.0,0.31737467646598816,988.6666870117188,0.2977268099784851,1657.0,0.2607496678829193,886.3333129882812,0.29777777194976807,425.0,0.2874629497528076,862.3333129882812,0.32834646105766296,1270.0,0.31645911931991577,1231.3333740234375,0.160795196890831,2403.333251953125,0.1582198590040207,1762.6666259765625,0.3137483298778534,2575.666748046875,0.2503460943698883,1444.6666259765625,0.2815203070640564,1271.6666259765625,0.3137255012989044,1518.6666259765625,0.12441182136535645,10626.0,0.15615026652812958,4247.33349609375,0.3333333432674408,356.0,0.33029380440711975,109.66666412353516,0.328341007232666,289.3333435058594,0.3316831588745117,134.6666717529297,0.33084577322006226,134.0,0.3306232988834381,205.0,0.3320634961128235,350.0,0.33084577322006226,178.6666717529297,0.3253816068172455,1914.3333740234375,0.3274320363998413,621.3333129882812,0.3320738971233368,264.6666564941406,0.3306100070476532,408.0,0.3324607312679291,254.6666717529297,0.33290156722068787,257.3333435058594,0.33003300428390503,269.3333435058594,0.3304389715194702,230.3333282470703,0.32687339186668396,172.0,0.3309404253959656,464.3333435058594,0.32802101969718933,1987.0,0.3237931728363037,582.3333129882812,0.37323546409606934,0.8412503004074097,0.7637150883674622,0.9836114645004272,0.9162436723709106,31,37823,,
,0.954357922077179,3878.0,0.9571324586868286,4129.0,0.8979705572128296,3597.0,0.9700686931610107,12228.0,0.9681721925735474,6598.0,0.926415741443634,2949.0,0.9520103931427002,3084.0,0.9657342433929443,1430.0,0.9500742554664612,12118.0,0.8851786851882935,3414.0,0.0,0.0,0.0,0.0,0.0,0.0,0.0,0.0,0.0,0.0,0.0,0.0,0.0,0.0,0.0,0.0,0.0,0.0,0.0,0.0,0.0,0.0,0.0,0.0,0.0,0.0,0.0,0.0,0.0,0.0,0.0,0.0,0.0,0.0,0.0,0.0,0.0,0.0,0.0,0.0,0.981894314289093,9555.0,0.9786419868469238,3137.0,0.9524048566818237,7963.0,0.9673582315444946,3615.0,0.9430665373802185,3548.0,0.9472049474716187,5474.0,0.9765893220901489,9611.0,0.9673120975494385,4803.0,0.9561899304389954,51632.0,0.9523296356201172,17621.0,0.9654597640037537,6601.0,0.9715589284896851,10302.0,0.9731099605560303,7103.0,0.9676294326782227,7167.0,0.9744055867195129,7150.0,0.9446129202842712,6265.0,0.9643019437789917,4398.0,0.9703981876373291,13310.0,0.9649313688278198,55149.0,0.9473540186882019,14607.0,,,,,,31,37823,0.9598328471183777,0.8851786851882935
0.5961741805076599,0.3325723111629486,146.0,0.3254985809326172,156.0,0.31700074672698975,149.6666717529297,0.32978472113609314,469.6666564941406,0.32998085021972656,232.0,0.31939980387687683,103.66666412353516,0.33236151933670044,114.33333587646484,0.3313252925872803,55.33333206176758,0.3293443024158478,445.6666564941406,0.312182754278183,131.3333282470703,0.27398139238357544,692.6666870117188,0.28635263442993164,1790.3333740234375,0.2926686108112335,568.3333129882812,0.20995129644870758,3468.0,0.31343844532966614,296.0,0.31849852204322815,988.6666870117188,0.30255481600761414,1657.0,0.26501190662384033,886.3333129882812,0.29725489020347595,425.0,0.29339003562927246,862.3333129882812,0.3271216154098511,1270.0,0.3086085617542267,1231.3333740234375,0.18885807693004608,2403.333251953125,0.15563540160655975,1762.6666259765625,0.309779554605484,2575.666748046875,0.2438855618238449,1444.6666259765625,0.2776758372783661,1271.6666259765625,0.31043311953544617,1518.6666259765625,0.13909278810024261,10626.0,0.15484225749969482,4247.33349609375,0.33208489418029785,356.0,0.33130699396133423,109.66666412353516,0.32949307560920715,289.3333435058594,0.3316831588745117,134.6666717529297,0.3300165832042694,134.0,0.3306232988834381,205.0,0.3323809504508972,350.0,0.33084577322006226,178.6666717529297,0.32712286710739136,1914.3333740234375,0.32725322246551514,621.3333129882812,0.3282955586910248,264.6666564941406,0.32679739594459534,408.0,0.3102094233036041,254.6666717529297,0.3242659866809845,257.3333435058594,0.3259075880050659,269.3333435058594,0.28943559527397156,230.3333282470703,0.30038759112358093,172.0,0.3244795501232147,464.3333435058594,0.3256165087223053,1987.0,0.32684603333473206,582.3333129882812,0.41727837920188904,0.8045209646224976,0.6298539042472839,0.977175235748291,0.8683068156242371,32,39005,,
,0.9574522972106934,3878.0,0.9641559720039368,4129.0,0.9021406769752502,3597.0,0.9688420295715332,12228.0,0.9657471776008606,6598.0,0.9243811368942261,2949.0,0.94520103931427,3084.0,0.9657342433929443,1430.0,0.9518072009086609,12118.0,0.8968951106071472,3414.0,0.0,0.0,0.0,0.0,0.0,0.0,0.0,0.0,0.0,0.0,0.0,0.0,0.0,0.0,0.0,0.0,0.0,0.0,0.0,0.0,0.0,0.0,0.0,0.0,0.0,0.0,0.0,0.0,0.0,0.0,0.0,0.0,0.0,0.0,0.0,0.0,0.0,0.0,0.0,0.0,0.9795918464660645,9555.0,0.9786419868469238,3137.0,0.9580560326576233,7963.0,0.9648686051368713,3615.0,0.9450394511222839,3548.0,0.9457435011863708,5474.0,0.9747164845466614,9611.0,0.9681448936462402,4803.0,0.9554152488708496,51632.0,0.9548266530036926,17621.0,0.9665202498435974,6601.0,0.9723354578018188,10302.0,0.9729691743850708,7103.0,0.9667922258377075,7167.0,0.9755244851112366,7150.0,0.9470071792602539,6265.0,0.960663914680481,4398.0,0.9704733490943909,13310.0,0.963934063911438,55149.0,0.9481755495071411,14607.0,,,,,,32,39005,0.9599485397338867,0.8968951106071472
0.6262962222099304,0.3234398663043976,146.0,0.32692307233810425,156.0,0.3251670300960541,149.6666717529297,0.33167731761932373,469.6666564941406,0.3271072804927826,232.0,0.3140407204627991,103.66666412353516,0.32458698749542236,114.33333587646484,0.3333333432674408,55.33333206176758,0.3293443024158478,445.6666564941406,0.3045685291290283,131.3333282470703,0.21655438840389252,692.6666870117188,0.3044125735759735,1790.3333740234375,0.2938416302204132,568.3333129882812,0.2768486440181732,3468.0,0.30480480194091797,296.0,0.30636098980903625,988.6666870117188,0.30597466230392456,1657.0,0.2616271674633026,886.3333129882812,0.30039215087890625,425.0,0.25834301114082336,862.3333129882812,0.3250218629837036,1270.0,0.3092401921749115,1231.3333740234375,0.18441979587078094,2403.333251953125,0.15620271861553192,1762.6666259765625,0.3062421977519989,2575.666748046875,0.24465467035770416,1444.6666259765625,0.27505460381507874,1271.6666259765625,0.31518876552581787,1518.6666259765625,0.16701173782348633,10626.0,0.1557055413722992,4247.33349609375,0.33114856481552124,356.0,0.3333333432674408,109.66666412353516,0.3291090726852417,289.3333435058594,0.32838281989097595,134.6666717529297,0.32172471284866333,134.0,0.3214091956615448,205.0,0.3307936489582062,350.0,0.3264925181865692,178.6666717529297,0.32810959219932556,1914.3333740234375,0.32778969407081604,621.3333129882812,0.33249369263648987,264.6666564941406,0.33224400877952576,408.0,0.33158811926841736,254.6666717529297,0.33117443323135376,257.3333435058594,0.3308580815792084,269.3333435058594,0.32947418093681335,230.3333282470703,0.32687339186668396,172.0,0.3318975865840912,464.3333435058594,0.3288038969039917,1987.0,0.327990859746933,582.3333129882812,0.4671166241168976,0.8520799875259399,0.6496631503105164,0.9855780601501465,0.913705587387085,33,40187,,
,0.9541000723838806,3878.0,0.9624606370925903,4129.0,0.9029747247695923,3597.0,0.9686784148216248,12228.0,0.9695362448692322,6598.0,0.9243811368942261,2949.0,0.9565499424934387,3084.0,0.9685314893722534,1430.0,0.9504868984222412,12118.0,0.8974809646606445,3414.0,0.0,0.0,0.0,0.0,0.0,0.0,0.0,0.0,0.0,0.0,0.0,0.0,0.0,0.0,0.0,0.0,0.0,0.0,0.0,0.0,0.0,0.0,0.0,0.0,0.0,0.0,0.0,0.0,0.0,0.0,0.0,0.0,0.0,0.0,0.0,0.0,0.0,0.0,0.0,0.0,0.9834641814231873,9555.0,0.9738603830337524,3137.0,0.959437370300293,7963.0,0.9676348567008972,3615.0,0.9492672085762024,3548.0,0.9568871259689331,5474.0,0.9765893220901489,9611.0,0.9748074412345886,4803.0,0.9560543894767761,51632.0,0.9564156532287598,17621.0,0.9650052785873413,6601.0,0.975635826587677,10302.0,0.974799394607544,7103.0,0.9672108292579651,7167.0,0.9758042097091675,7150.0,0.9441340565681458,6265.0,0.9627103209495544,4398.0,0.9709992408752441,13310.0,0.9654572010040283,55149.0,0.9484493732452393,14607.0,,,,,,33,40187,0.9612347483634949,0.8974809646606445
0.5392103791236877,0.3318112790584564,146.0,0.3276353180408478,156.0,0.3088344633579254,149.6666717529297,0.326472669839859,469.6666564941406,0.32662835717201233,232.0,0.31939980387687683,103.66666412353516,0.3333333432674408,114.33333587646484,0.3333333432674408,55.33333206176758,0.3283470571041107,445.6666564941406,0.3062605559825897,131.3333282470703,0.25553417205810547,692.6666870117188,0.25302550196647644,1790.3333740234375,0.29951122403144836,568.3333129882812,0.3077021539211273,3468.0,0.305180162191391,296.0,0.3209710121154785,988.6666870117188,0.284650981426239,1657.0,0.2631314992904663,886.3333129882812,0.2912418246269226,425.0,0.283597469329834,862.3333129882812,0.3253718316555023,1270.0,0.3022017776966095,1231.3333740234375,0.1369856745004654,2403.333251953125,0.15494200587272644,1762.6666259765625,0.30684611201286316,2575.666748046875,0.2507306635379791,1444.6666259765625,0.27828747034072876,1271.6666259765625,0.30165350437164307,1518.6666259765625,0.10271451622247696,10626.0,0.15353424847126007,4247.33349609375,0.33302122354507446,356.0,0.32826748490333557,109.66666412353516,0.3291090726852417,289.3333435058594,0.33250823616981506,134.6666717529297,0.32918739318847656,134.0,0.33170732855796814,205.0,0.33269840478897095,350.0,0.3314676582813263,178.6666717529297,0.32677462697029114,1914.3333740234375,0.3301144540309906,621.3333129882812,0.3295550048351288,264.6666564941406,0.33033767342567444,408.0,0.3333333432674408,254.6666717529297,0.33290156722068787,257.3333435058594,0.33003300428390503,269.3333435058594,0.3222382962703705,230.3333282470703,0.32687339186668396,172.0,0.32902607321739197,464.3333435058594,0.29950231313705444,1987.0,0.32169434428215027,582.3333129882812,0.3081435561180115,0.8633394241333008,0.7590765357017517,0.9684445858001709,0.8985069394111633,34,41369,,
,0.9569365382194519,3878.0,0.9583434462547302,4129.0,0.9093689322471619,3597.0,0.9699051380157471,12228.0,0.9636253118515015,6598.0,0.9223465323448181,2949.0,0.9555771946907043,3084.0,0.9622377753257751,1430.0,0.9488364458084106,12118.0,0.8901581764221191,3414.0,0.0,0.0,0.0,0.0,0.0,0.0,0.0,0.0,0.0,0.0,0.0,0.0,0.0,0.0,0.0,0.0,0.0,0.0,0.0,0.0,0.0,0.0,0.0,0.0,0.0,0.0,0.0,0.0,0.0,0.0,0.0,0.0,0.0,0.0,0.0,0.0,0.0,0.0,0.0,0.0,0.9814756512641907,9555.0,0.9840611815452576,3137.0,0.9547908902168274,7963.0,0.968464732170105,3615.0,0.9456031322479248,3548.0,0.9521373510360718,5474.0,0.9743002653121948,9611.0,0.9702269434928894,4803.0,0.9563449025154114,51632.0,0.9559049010276794,17621.0,0.9639448523521423,6601.0,0.9770918488502502,10302.0,0.9777559041976929,7103.0,0.9660946130752563,7167.0,0.9737063050270081,7150.0,0.9482840895652771,6265.0,0.9643019437789917,4398.0,0.9714500308036804,13310.0,0.9659105539321899,55149.0,0.9485178589820862,14607.0,,,,,,34,41369,0.9609140157699585,0.8901581764221191
0.5006113648414612,0.3264840245246887,146.0,0.3311965763568878,156.0,0.3192279040813446,149.6666717529297,0.3295481503009796,469.6666564941406,0.33141762018203735,232.0,0.31511253118515015,103.66666412353516,0.32750242948532104,114.33333587646484,0.3273092210292816,55.33333206176758,0.33034154772758484,445.6666564941406,0.3071065843105316,131.3333282470703,0.23484118282794952,692.6666870117188,0.28846272826194763,1790.3333740234375,0.30791789293289185,568.3333129882812,0.31401383876800537,3468.0,0.315315306186676,296.0,0.31546416878700256,988.6666870117188,0.3088580369949341,1657.0,0.2706531286239624,886.3333129882812,0.3087581694126129,425.0,0.2732895314693451,862.3333129882812,0.31539806723594666,1270.0,0.2785598337650299,1231.3333740234375,0.15288950502872467,2403.333251953125,0.14952091872692108,1762.6666259765625,0.29351624846458435,2575.666748046875,0.23804031312465668,1444.6666259765625,0.26754042506217957,1271.6666259765625,0.27853378653526306,1518.6666259765625,0.08151912689208984,10626.0,0.14764820039272308,4247.33349609375,0.3323970139026642,356.0,0.3333333432674408,109.66666412353516,0.33026114106178284,289.3333435058594,0.3316831588745117,134.6666717529297,0.32172471284866333,134.0,0.32899728417396545,205.0,0.33142855763435364,350.0,0.3302238881587982,178.6666717529297,0.32857391238212585,1914.3333740234375,0.32975679636001587,621.3333129882812,0.33165407180786133,264.6666564941406,0.3306100070476532,408.0,0.3324607312679291,254.6666717529297,0.33074265718460083,257.3333435058594,0.3304455578327179,269.3333435058594,0.3304389715194702,230.3333282470703,0.32751938700675964,172.0,0.332136869430542,464.3333435058594,0.32835653424263,1987.0,0.32856324315071106,582.3333129882812,0.24455738067626953,0.8939376473426819,0.7045235633850098,0.9871573448181152,0.9213197827339172,35,42551,,
,0.9499742388725281,3878.0,0.9653668999671936,4129.0,0.9013066291809082,3597.0,0.9724403023719788,12228.0,0.9715065360069275,6598.0,0.9298067092895508,2949.0,0.9578469395637512,3084.0,0.9685314893722534,1430.0,0.9546129703521729,12118.0,0.8992384076118469,3414.0,0.0,0.0,0.0,0.0,0.0,0.0,0.0,0.0,0.0,0.0,0.0,0.0,0.0,0.0,0.0,0.0,0.0,0.0,0.0,0.0,0.0,0.0,0.0,0.0,0.0,0.0,0.0,0.0,0.0,0.0,0.0,0.0,0.0,0.0,0.0,0.0,0.0,0.0,0.0,0.0,0.9828361868858337,9555.0,0.97577303647995,3137.0,0.9568002223968506,7963.0,0.9673582315444946,3615.0,0.9484216570854187,3548.0,0.9515893459320068,5474.0,0.9751326441764832,9611.0,0.9702269434928894,4803.0,0.9578168392181396,51632.0,0.9597639441490173,17621.0,0.9680351614952087,6601.0,0.9740827083587646,10302.0,0.9759256839752197,7103.0,0.969722330570221,7167.0,0.9751048684120178,7150.0,0.9476456642150879,6265.0,0.9627103209495544,4398.0,0.972351610660553,13310.0,0.9650582671165466,55149.0,0.9501608610153198,14607.0,,,,,,35,42551,0.9620712995529175,0.8992384076118469
0.5635595917701721,0.3234398663043976,146.0,0.3276353180408478,156.0,0.32219746708869934,149.6666717529297,0.3304944336414337,469.6666564941406,0.3295018970966339,232.0,0.32690247893333435,103.66666412353516,0.32458698749542236,114.33333587646484,0.3333333432674408,55.33333206176758,0.32884567975997925,445.6666564941406,0.3087986409664154,131.3333282470703,0.23596405982971191,692.6666870117188,0.289579838514328,1790.3333740234375,0.28914955258369446,568.3333129882812,0.2925797700881958,3468.0,0.30855855345726013,296.0,0.3149022161960602,988.6666870117188,0.2981961965560913,1657.0,0.2549830675125122,886.3333129882812,0.3050980269908905,425.0,0.28243783116340637,862.3333129882812,0.31574803590774536,1270.0,0.2825302183628082,1231.3333740234375,0.20698104798793793,2403.333251953125,0.15128593146800995,1762.6666259765625,0.29463785886764526,2575.666748046875,0.2363482564687729,1444.6666259765625,0.2694626450538635,1271.6666259765625,0.28160667419433594,1518.6666259765625,0.12420269101858139,10626.0,0.14654947817325592,4247.33349609375,0.33302122354507446,356.0,0.33130699396133423,109.66666412353516,0.329877108335495,289.3333435058594,0.33003300428390503,134.6666717529297,0.3300165832042694,134.0,0.32899728417396545,205.0,0.33269840478897095,350.0,0.3302238881587982,178.6666717529297,0.3286319673061371,1914.3333740234375,0.3306509256362915,621.3333129882812,0.3320738971233368,264.6666564941406,0.3314270079135895,408.0,0.325043648481369,254.6666717529297,0.32815197110176086,257.3333435058594,0.3263201415538788,269.3333435058594,0.31837916374206543,230.3333282470703,0.3249354064464569,172.0,0.3309404253959656,464.3333435058594,0.32802101969718933,1987.0,0.3264644145965576,582.3333129882812,0.3726080656051636,0.8655741214752197,0.7078921794891357,0.9853397011756897,0.9263959527015686,36,43733,,
,0.9533264636993408,3878.0,0.9607653021812439,4129.0,0.9088128805160522,3597.0,0.9695780277252197,12228.0,0.9681721925735474,6598.0,0.928450345993042,2949.0,0.9526588916778564,3084.0,0.966433584690094,1430.0,0.9558507800102234,12118.0,0.8980667591094971,3414.0,0.0,0.0,0.0,0.0,0.0,0.0,0.0,0.0,0.0,0.0,0.0,0.0,0.0,0.0,0.0,0.0,0.0,0.0,0.0,0.0,0.0,0.0,0.0,0.0,0.0,0.0,0.0,0.0,0.0,0.0,0.0,0.0,0.0,0.0,0.0,0.0,0.0,0.0,0.0,0.0,0.9825222492218018,9555.0,0.9824673533439636,3137.0,0.9601908922195435,7963.0,0.9739972352981567,3615.0,0.9492672085762024,3548.0,0.9603580832481384,5474.0,0.9767974019050598,9611.0,0.976889431476593,4803.0,0.9584753513336182,51632.0,0.9570398926734924,17621.0,0.9704590439796448,6601.0,0.9752475023269653,10302.0,0.9733915328979492,7103.0,0.969164252281189,7167.0,0.9779021143913269,7150.0,0.9452514052391052,6265.0,0.9677125811576843,4398.0,0.9720510840415955,13310.0,0.96547532081604,55149.0,0.9484493732452393,14607.0,,,,,,36,43733,0.9625110626220703,0.8980667591094971
0.48383378982543945,0.3318112790584564,146.0,0.3304843306541443,156.0,0.3199703097343445,149.6666717529297,0.3295481503009796,469.6666564941406,0.3304597735404968,232.0,0.3204716145992279,103.66666412353516,0.33236151933670044,114.33333587646484,0.3333333432674408,55.33333206176758,0.33009225130081177,445.6666564941406,0.3104906976222992,131.3333282470703,0.23644530773162842,692.6666870117188,0.3002544343471527,1790.3333740234375,0.29872921109199524,568.3333129882812,0.31212353706359863,3468.0,0.31381380558013916,296.0,0.31613847613334656,988.6666870117188,0.29792797565460205,1657.0,0.2603735625743866,886.3333129882812,0.30718955397605896,425.0,0.26800671219825745,862.3333129882812,0.32134732604026794,1270.0,0.2928171753883362,1231.3333740234375,0.153028205037117,2403.333251953125,0.15267272293567657,1762.6666259765625,0.3014969229698181,2575.666748046875,0.2431933432817459,1444.6666259765625,0.2724333703517914,1271.6666259765625,0.2889230251312256,1518.6666259765625,0.05838927626609802,10626.0,0.14911316335201263,4247.33349609375,0.33302122354507446,356.0,0.32928064465522766,109.66666412353516,0.32949307560920715,289.3333435058594,0.3316831588745117,134.6666717529297,0.33084577322006226,134.0,0.3311653137207031,205.0,0.3320634961128235,350.0,0.33208954334259033,178.6666717529297,0.32613617181777954,1914.3333740234375,0.32922032475471497,621.3333129882812,0.33291351795196533,264.6666564941406,0.3314270079135895,408.0,0.3324607312679291,254.6666717529297,0.332038015127182,257.3333435058594,0.3292079269886017,269.3333435058594,0.3304389715194702,230.3333282470703,0.3281653821468353,172.0,0.3318975865840912,464.3333435058594,0.32796511054039,1987.0,0.32665520906448364,582.3333129882812,0.17516782879829407,0.8883222341537476,0.7093359231948853,0.9865911602973938,0.9314720630645752,37,44915,,
,0.9528107047080994,3878.0,0.9614918828010559,4129.0,0.9024186730384827,3597.0,0.9750572443008423,12228.0,0.9702939987182617,6598.0,0.9308239817619324,2949.0,0.9601167440414429,3084.0,0.9643356800079346,1430.0,0.9530450701713562,12118.0,0.9036321043968201,3414.0,0.0,0.0,0.0,0.0,0.0,0.0,0.0,0.0,0.0,0.0,0.0,0.0,0.0,0.0,0.0,0.0,0.0,0.0,0.0,0.0,0.0,0.0,0.0,0.0,0.0,0.0,0.0,0.0,0.0,0.0,0.0,0.0,0.0,0.0,0.0,0.0,0.0,0.0,0.0,0.0,0.9821035861968994,9555.0,0.9837424159049988,3137.0,0.958181619644165,7963.0,0.9748271107673645,3615.0,0.9458850026130676,3548.0,0.9534161686897278,5474.0,0.9764852523803711,9611.0,0.9733499884605408,4803.0,0.9600828886032104,51632.0,0.9568129181861877,17621.0,0.9700045585632324,6601.0,0.977868378162384,10302.0,0.9732507467269897,7103.0,0.9704200029373169,7167.0,0.9748252034187317,7150.0,0.9487629532814026,6265.0,0.9693042039871216,4398.0,0.9710744023323059,13310.0,0.9671435356140137,55149.0,0.9469432234764099,14607.0,,,,,,37,44915,0.9630500078201294,0.9024186730384827
0.5054318308830261,0.3173516094684601,146.0,0.32905980944633484,156.0,0.32145509123802185,149.6666717529297,0.3304944336414337,469.6666564941406,0.3295018970966339,232.0,0.3118970990180969,103.66666412353516,0.323615163564682,114.33333587646484,0.3333333432674408,55.33333206176758,0.3293443024158478,445.6666564941406,0.2825719118118286,131.3333282470703,0.2167147994041443,692.6666870117188,0.26990628242492676,1790.3333740234375,0.3043988347053528,568.3333129882812,0.3173779249191284,3468.0,0.2939189374446869,296.0,0.3127669095993042,988.6666870117188,0.3042982518672943,1657.0,0.2607496678829193,886.3333129882812,0.2930718958377838,425.0,0.265043169260025,862.3333129882812,0.31653544306755066,1270.0,0.2769355773925781,1231.3333740234375,0.13962090015411377,2403.333251953125,0.14813414216041565,1762.6666259765625,0.2922652065753937,2575.666748046875,0.24050146341323853,1444.6666259765625,0.26780253648757935,1271.6666259765625,0.2831431031227112,1518.6666259765625,0.08882824331521988,10626.0,0.14649714529514313,4247.33349609375,0.33208489418029785,356.0,0.3323201537132263,109.66666412353516,0.33102917671203613,289.3333435058594,0.33003300428390503,134.6666717529297,0.31674960255622864,134.0,0.32628726959228516,205.0,0.32952380180358887,350.0,0.3314676582813263,178.6666717529297,0.32758721709251404,1914.3333740234375,0.32993564009666443,621.3333129882812,0.3295550048351288,264.6666564941406,0.3306100070476532,408.0,0.33289703726768494,254.6666717529297,0.33246979117393494,257.3333435058594,0.33003300428390503,269.3333435058594,0.3314037621021271,230.3333282470703,0.32687339186668396,172.0,0.3311797082424164,464.3333435058594,0.3189062178134918,1987.0,0.32684603333473206,582.3333129882812,0.26648473739624023,0.8745415806770325,0.6501443982124329,0.9792908430099487,0.8477157354354858,38,46097,,
,0.9584837555885315,3878.0,0.9636715650558472,4129.0,0.9071448445320129,3597.0,0.9709682464599609,12228.0,0.9713549613952637,6598.0,0.9386232495307922,2949.0,0.9568741917610168,3084.0,0.9671328663825989,1430.0,0.9545304775238037,12118.0,0.8992384076118469,3414.0,0.0,0.0,0.0,0.0,0.0,0.0,0.0,0.0,0.0,0.0,0.0,0.0,0.0,0.0,0.0,0.0,0.0,0.0,0.0,0.0,0.0,0.0,0.0,0.0,0.0,0.0,0.0,0.0,0.0,0.0,0.0,0.0,0.0,0.0,0.0,0.0,0.0,0.0,0.0,0.0,0.9824175834655762,9555.0,0.9789608120918274,3137.0,0.9600653052330017,7963.0,0.9681881070137024,3615.0,0.9549041986465454,3548.0,0.9535988569259644,5474.0,0.9785662293434143,9611.0,0.9712679386138916,4803.0,0.9592888355255127,51632.0,0.9602746963500977,17621.0,0.9697015881538391,6601.0,0.9774801135063171,10302.0,0.9763480424880981,7103.0,0.971815288066864,7167.0,0.9779021143913269,7150.0,0.9490821957588196,6265.0,0.965893566608429,4398.0,0.9734034538269043,13310.0,0.9679595232009888,55149.0,0.9500239491462708,14607.0,,,,,,38,46097,0.9637873768806458,0.8992384076118469
0.49643754959106445,0.3287671208381653,146.0,0.32692307233810425,156.0,0.3088344633579254,149.6666717529297,0.3293115794658661,469.6666564941406,0.3318965435028076,232.0,0.32368704676628113,103.66666412353516,0.33236151933670044,114.33333587646484,0.3313252925872803,55.33333206176758,0.3293443024158478,445.6666564941406,0.3096446692943573,131.3333282470703,0.25938400626182556,692.6666870117188,0.268168568611145,1790.3333740234375,0.3128054738044739,568.3333129882812,0.2708253264427185,3468.0,0.31343844532966614,296.0,0.31849852204322815,988.6666870117188,0.30409708619117737,1657.0,0.2498432993888855,886.3333129882812,0.30849674344062805,425.0,0.28063395619392395,862.3333129882812,0.3243219554424286,1270.0,0.2964266240596771,1231.3333740234375,0.145584836602211,2403.333251953125,0.15267272293567657,1762.6666259765625,0.3039558231830597,2575.666748046875,0.24550068378448486,1444.6666259765625,0.27304500341415405,1271.6666259765625,0.2964588701725006,1518.6666259765625,0.06732960790395737,10626.0,0.15191231667995453,4247.33349609375,0.33270910382270813,356.0,0.33029380440711975,109.66666412353516,0.33102917671203613,289.3333435058594,0.3316831588745117,134.6666717529297,0.326699823141098,134.0,0.32953929901123047,205.0,0.33269840478897095,350.0,0.33084577322006226,178.6666717529297,0.3284578323364258,1914.3333740234375,0.3302932679653168,621.3333129882812,0.33249369263648987,264.6666564941406,0.3311546742916107,408.0,0.3324607312679291,254.6666717529297,0.332038015127182,257.3333435058594,0.3304455578327179,269.3333435058594,0.32802700996398926,230.3333282470703,0.32751938700675964,172.0,0.332136869430542,464.3333435058594,0.32673487067222595,1987.0,0.32741841673851013,582.3333129882812,0.2019888311624527,0.8464932441711426,0.7495298981666565,0.9864720106124878,0.9265033602714539,39,47279,,
,0.9574522972106934,3878.0,0.9634293913841248,4129.0,0.9110369682312012,3597.0,0.9738305807113647,12228.0,0.9668081402778625,6598.0,0.9335367679595947,2949.0,0.9594682455062866,3084.0,0.9643356800079346,1430.0,0.9554381966590881,12118.0,0.9077328443527222,3414.0,0.0,0.0,0.0,0.0,0.0,0.0,0.0,0.0,0.0,0.0,0.0,0.0,0.0,0.0,0.0,0.0,0.0,0.0,0.0,0.0,0.0,0.0,0.0,0.0,0.0,0.0,0.0,0.0,0.0,0.0,0.0,0.0,0.0,0.0,0.0,0.0,0.0,0.0,0.0,0.0,0.9817896485328674,9555.0,0.9802358746528625,3137.0,0.9601908922195435,7963.0,0.9698478579521179,3615.0,0.9450394511222839,3548.0,0.9526854157447815,5474.0,0.9790864586830139,9611.0,0.9702269434928894,4803.0,0.9593275785446167,51632.0,0.9589126706123352,17621.0,0.9656112790107727,6601.0,0.9749563336372375,10302.0,0.9773335456848145,7103.0,0.9670712947845459,7167.0,0.9749650359153748,7150.0,0.9516360759735107,6265.0,0.9695315957069397,4398.0,0.9703981876373291,13310.0,0.9675968885421753,55149.0,0.9529677629470825,14607.0,,,,,,39,47279,0.9634567499160767,0.9077328443527222
0.5462647080421448,0.32952815294265747,146.0,0.32905980944633484,156.0,0.30809205770492554,149.6666717529297,0.33002129197120667,469.6666564941406,0.33237549662590027,232.0,0.3247588574886322,103.66666412353516,0.3313896954059601,114.33333587646484,0.3313252925872803,55.33333206176758,0.33009225130081177,445.6666564941406,0.3079526126384735,131.3333282470703,0.24655117094516754,692.6666870117188,0.2828771770000458,1790.3333740234375,0.30576735734939575,568.3333129882812,0.3209021985530853,3468.0,0.31418919563293457,296.0,0.3150146007537842,988.6666870117188,0.30684638023376465,1657.0,0.2502193748950958,886.3333129882812,0.30588236451148987,425.0,0.26916635036468506,862.3333129882812,0.31977251172065735,1270.0,0.28180834650993347,1231.3333740234375,0.1779935359954834,2403.333251953125,0.1526096910238266,1762.6666259765625,0.3011518120765686,2575.666748046875,0.23727118968963623,1444.6666259765625,0.27444300055503845,1271.6666259765625,0.28841087222099304,1518.6666259765625,0.11103791743516922,10626.0,0.14767436683177948,4247.33349609375,0.33270910382270813,356.0,0.3323201537132263,109.66666412353516,0.3291090726852417,289.3333435058594,0.33250823616981506,134.6666717529297,0.3283582031726837,134.0,0.3300813138484955,205.0,0.3320634961128235,350.0,0.33084577322006226,178.6666717529297,0.32776132225990295,1914.3333740234375,0.33047211170196533,621.3333129882812,0.3320738971233368,264.6666564941406,0.331971675157547,408.0,0.33289703726768494,254.6666717529297,0.3333333432674408,257.3333435058594,0.33003300428390503,269.3333435058594,0.3304389715194702,230.3333282470703,0.32687339186668396,172.0,0.3318975865840912,464.3333435058594,0.32813286781311035,1987.0,0.3291356563568115,582.3333129882812,0.33311375975608826,0.8923332691192627,0.7396535277366638,0.9876043200492859,0.9238578677177429,40,48461,,
,0.9595152139663696,3878.0,0.9641559720039368,4129.0,0.9157631397247314,3597.0,0.9708046913146973,12228.0,0.9699909090995789,6598.0,0.9274330139160156,2949.0,0.9575226902961731,3084.0,0.9594405889511108,1430.0,0.9541178345680237,12118.0,0.9027533531188965,3414.0,0.0,0.0,0.0,0.0,0.0,0.0,0.0,0.0,0.0,0.0,0.0,0.0,0.0,0.0,0.0,0.0,0.0,0.0,0.0,0.0,0.0,0.0,0.0,0.0,0.0,0.0,0.0,0.0,0.0,0.0,0.0,0.0,0.0,0.0,0.0,0.0,0.0,0.0,0.0,0.0,0.9851386547088623,9555.0,0.9837424159049988,3137.0,0.959311842918396,7963.0,0.9698478579521179,3615.0,0.947576105594635,3548.0,0.95652174949646,5474.0,0.9799188375473022,9611.0,0.9712679386138916,4803.0,0.9588627219200134,51632.0,0.9574939012527466,17621.0,0.9709134697914124,6601.0,0.9791302680969238,10302.0,0.9791637063026428,7103.0,0.9709780812263489,7167.0,0.9766433835029602,7150.0,0.9516360759735107,6265.0,0.9699863791465759,4398.0,0.9737791419029236,13310.0,0.9683765769004822,55149.0,0.9494763016700745,14607.0,,,,,,40,48461,0.9639461040496826,0.9027533531188965
0.504550039768219,0.32952815294265747,146.0,0.3304843306541443,156.0,0.3236822485923767,149.6666717529297,0.33002129197120667,469.6666564941406,0.33237549662590027,232.0,0.3279742896556854,103.66666412353516,0.32944604754447937,114.33333587646484,0.3333333432674408,55.33333206176758,0.32959362864494324,445.6666564941406,0.312182754278183,131.3333282470703,0.2489573359489441,692.6666870117188,0.2880282998085022,1790.3333740234375,0.30909091234207153,568.3333129882812,0.31462258100509644,3468.0,0.314939945936203,296.0,0.31591370701789856,988.6666870117188,0.30731576681137085,1657.0,0.2564873993396759,886.3333129882812,0.30666667222976685,425.0,0.27960315346717834,862.3333129882812,0.3210848569869995,1270.0,0.29047104716300964,1231.3333740234375,0.14461396634578705,2403.333251953125,0.15229450166225433,1762.6666259765625,0.30223026871681213,2575.666748046875,0.2425011545419693,1444.6666259765625,0.2728702425956726,1271.6666259765625,0.2928006947040558,1518.6666259765625,0.07852856069803238,10626.0,0.14877308905124664,4247.33349609375,0.33302122354507446,356.0,0.33029380440711975,109.66666412353516,0.329877108335495,289.3333435058594,0.3308580815792084,134.6666717529297,0.3283582031726837,134.0,0.3306232988834381,205.0,0.33301588892936707,350.0,0.33271142840385437,178.6666717529297,0.32776132225990295,1914.3333740234375,0.3301144540309906,621.3333129882812,0.33165407180786133,264.6666564941406,0.3314270079135895,408.0,0.3333333432674408,254.6666717529297,0.33290156722068787,257.3333435058594,0.3304455578327179,269.3333435058594,0.3314037621021271,230.3333282470703,0.32687339186668396,172.0,0.332136869430542,464.3333435058594,0.328468382358551,1987.0,0.327990859746933,582.3333129882812,0.23558567464351654,0.8943387866020203,0.7468720078468323,0.9885876178741455,0.9365482330322266,41,49643,,
,0.9618359804153442,3878.0,0.9702107310295105,4129.0,0.9046427607536316,3597.0,0.9730127453804016,12228.0,0.9660503268241882,6598.0,0.9369277954101562,2949.0,0.9559014439582825,3084.0,0.9678321480751038,1430.0,0.9564284682273865,12118.0,0.9001171588897705,3414.0,0.0,0.0,0.0,0.0,0.0,0.0,0.0,0.0,0.0,0.0,0.0,0.0,0.0,0.0,0.0,0.0,0.0,0.0,0.0,0.0,0.0,0.0,0.0,0.0,0.0,0.0,0.0,0.0,0.0,0.0,0.0,0.0,0.0,0.0,0.0,0.0,0.0,0.0,0.0,0.0,0.9827315807342529,9555.0,0.9808734655380249,3137.0,0.964335024356842,7963.0,0.9742738604545593,3615.0,0.9520856738090515,3548.0,0.9504932165145874,5474.0,0.9798147678375244,9611.0,0.9760566353797913,4803.0,0.9604315161705017,51632.0,0.9617502093315125,17621.0,0.9742463231086731,6601.0,0.9775771498680115,10302.0,0.9774743318557739,7103.0,0.9709780812263489,7167.0,0.9786013960838318,7150.0,0.9535514712333679,6265.0,0.9695315957069397,4398.0,0.9741547703742981,13310.0,0.968884289264679,55149.0,0.9537208080291748,14607.0,,,,,,41,49643,0.9650934338569641,0.9001171588897705
0.5869917869567871,0.32420089840888977,146.0,0.30199429392814636,156.0,0.31180402636528015,149.6666717529297,0.33002129197120667,469.6666564941406,0.32279694080352783,232.0,0.32261523604393005,103.66666412353516,0.31778424978256226,114.33333587646484,0.3212851583957672,55.33333206176758,0.3266018331050873,445.6666564941406,0.29357022047042847,131.3333282470703,0.24045556783676147,692.6666870117188,0.29491713643074036,1790.3333740234375,0.26529815793037415,568.3333129882812,0.3108099400997162,3468.0,0.2890390455722809,296.0,0.30523714423179626,988.6666870117188,0.30128076672554016,1657.0,0.24507959187030792,886.3333129882812,0.29281046986579895,425.0,0.2497100830078125,862.3333129882812,0.32012248039245605,1270.0,0.2928171753883362,1231.3333740234375,0.21340729296207428,2403.333251953125,0.15052950382232666,1762.6666259765625,0.2956300377845764,2575.666748046875,0.23957853019237518,1444.6666259765625,0.26928791403770447,1271.6666259765625,0.2994585931301117,1518.6666259765625,0.1371060460805893,10626.0,0.15076126158237457,4247.33349609375,0.3314606845378876,356.0,0.33029380440711975,109.66666412353516,0.3248848021030426,289.3333435058594,0.32260724902153015,134.6666717529297,0.3300165832042694,134.0,0.3252032697200775,205.0,0.33174601197242737,350.0,0.32400497794151306,178.6666717529297,0.32723894715309143,1914.3333740234375,0.3263590931892395,621.3333129882812,0.3140218257904053,264.6666564941406,0.31154683232307434,408.0,0.30453750491142273,254.6666717529297,0.32081174850463867,257.3333435058594,0.31641915440559387,269.3333435058594,0.2711046636104584,230.3333282470703,0.3010335862636566,172.0,0.3218473494052887,464.3333435058594,0.3266230523586273,1987.0,0.3270368278026581,582.3333129882812,0.4113181531429291,0.8681240081787109,0.7213667035102844,0.9673420786857605,0.8133140206336975,42,50825,,
,0.959773063659668,3878.0,0.9639137983322144,4129.0,0.9165971875190735,3597.0,0.975220799446106,12228.0,0.9701424837112427,6598.0,0.9294676184654236,2949.0,0.963683545589447,3084.0,0.9706293940544128,1430.0,0.9577488303184509,12118.0,0.8986526131629944,3414.0,0.0,0.0,0.0,0.0,0.0,0.0,0.0,0.0,0.0,0.0,0.0,0.0,0.0,0.0,0.0,0.0,0.0,0.0,0.0,0.0,0.0,0.0,0.0,0.0,0.0,0.0,0.0,0.0,0.0,0.0,0.0,0.0,0.0,0.0,0.0,0.0,0.0,0.0,0.0,0.0,0.9843013882637024,9555.0,0.9840611815452576,3137.0,0.9596885442733765,7963.0,0.9712309837341309,3615.0,0.9489853382110596,3548.0,0.9572524428367615,5474.0,0.9808552861213684,9611.0,0.9758484363555908,4803.0,0.9597730040550232,51632.0,0.9596503973007202,17621.0,0.9675806760787964,6601.0,0.9769947528839111,10302.0,0.9780374765396118,7103.0,0.9695827960968018,7167.0,0.9800000190734863,7150.0,0.9556264877319336,6265.0,0.9661209583282471,4398.0,0.9755071401596069,13310.0,0.9679595232009888,55149.0,0.9534469842910767,14607.0,,,,,,42,50825,0.9648818373680115,0.8986526131629944
0.5014108419418335,0.3287671208381653,146.0,0.3311965763568878,156.0,0.32219746708869934,149.6666717529297,0.3295481503009796,469.6666564941406,0.33285441994667053,232.0,0.3279742896556854,103.66666412353516,0.33236151933670044,114.33333587646484,0.3333333432674408,55.33333206176758,0.33034154772758484,445.6666564941406,0.3138747811317444,131.3333282470703,0.24494706094264984,692.6666870117188,0.30329546332359314,1790.3333740234375,0.30185726284980774,568.3333129882812,0.3063565194606781,3468.0,0.31606605648994446,296.0,0.31714990735054016,988.6666870117188,0.2949104905128479,1657.0,0.26739373803138733,886.3333129882812,0.3069280982017517,425.0,0.27097025513648987,862.3333129882812,0.322747141122818,1270.0,0.29444143176078796,1231.3333740234375,0.14697180688381195,2403.333251953125,0.15273575484752655,1762.6666259765625,0.3011518120765686,2575.666748046875,0.2438855618238449,1444.6666259765625,0.27444300055503845,1271.6666259765625,0.2992390990257263,1518.6666259765625,0.07304932922124863,10626.0,0.1497410088777542,4247.33349609375,0.33302122354507446,356.0,0.33029380440711975,109.66666412353516,0.33026114106178284,289.3333435058594,0.3308580815792084,134.6666717529297,0.3316749632358551,134.0,0.3306232988834381,205.0,0.33269840478897095,350.0,0.33208954334259033,178.6666717529297,0.32805153727531433,1914.3333740234375,0.3306509256362915,621.3333129882812,0.33165407180786133,264.6666564941406,0.33169934153556824,408.0,0.3320244252681732,254.6666717529297,0.33246979117393494,257.3333435058594,0.3308580815792084,269.3333435058594,0.32802700996398926,230.3333282470703,0.32751938700675964,172.0,0.332136869430542,464.3333435058594,0.328859806060791,1987.0,0.328181654214859,582.3333129882812,0.21914799511432648,0.887921154499054,0.7348411679267883,0.9890643358230591,0.9416243433952332,43,52007,,
,0.967251181602478,3878.0,0.9643981456756592,4129.0,0.9104809761047363,3597.0,0.9753843545913696,12228.0,0.9692330956459045,6598.0,0.9359104633331299,2949.0,0.9542801380157471,3084.0,0.9636363387107849,1430.0,0.9575837850570679,12118.0,0.9091974496841431,3414.0,0.0,0.0,0.0,0.0,0.0,0.0,0.0,0.0,0.0,0.0,0.0,0.0,0.0,0.0,0.0,0.0,0.0,0.0,0.0,0.0,0.0,0.0,0.0,0.0,0.0,0.0,0.0,0.0,0.0,0.0,0.0,0.0,0.0,0.0,0.0,0.0,0.0,0.0,0.0,0.0,0.9845107197761536,9555.0,0.9853363037109375,3137.0,0.9568002223968506,7963.0,0.9706777334213257,3615.0,0.9580045342445374,3548.0,0.9583485722541809,5474.0,0.9812714457511902,9611.0,0.9764730334281921,4803.0,0.9612449407577515,51632.0,0.9602746963500977,17621.0,0.9719739556312561,6601.0,0.9776742458343506,10302.0,0.9770519733428955,7103.0,0.9734895825386047,7167.0,0.9742657542228699,7150.0,0.9537110924720764,6265.0,0.9697589874267578,4398.0,0.9751314520835876,13310.0,0.9687936305999756,55149.0,0.9555692672729492,14607.0,,,,,,43,52007,0.9656224846839905,0.9091974496841431
0.4845627546310425,0.33028918504714966,146.0,0.32977208495140076,156.0,0.3184855282306671,149.6666717529297,0.33073100447654724,469.6666564941406,0.3318965435028076,232.0,0.321543425321579,103.66666412353516,0.33236151933670044,114.33333587646484,0.3333333432674408,55.33333206176758,0.32959362864494324,445.6666564941406,0.312182754278183,131.3333282470703,0.236605703830719,692.6666870117188,0.27642276883125305,1790.3333740234375,0.2991202175617218,568.3333129882812,0.28979238867759705,3468.0,0.31381380558013916,296.0,0.3155765235424042,988.6666870117188,0.2935023009777069,1657.0,0.25510844588279724,886.3333129882812,0.2917647063732147,425.0,0.2708413898944855,862.3333129882812,0.3195975422859192,1270.0,0.2838837802410126,1231.3333740234375,0.16560332477092743,2403.333251953125,0.15267272293567657,1762.6666259765625,0.3024028241634369,2575.666748046875,0.23519457876682281,1444.6666259765625,0.27339449524879456,1271.6666259765625,0.2917764186859131,1518.6666259765625,0.05762594938278198,10626.0,0.14950557053089142,4247.33349609375,0.3333333432674408,356.0,0.33029380440711975,109.66666412353516,0.32949307560920715,289.3333435058594,0.3316831588745117,134.6666717529297,0.33084577322006226,134.0,0.32953929901123047,205.0,0.33301588892936707,350.0,0.3314676582813263,178.6666717529297,0.3255557417869568,1914.3333740234375,0.32975679636001587,621.3333129882812,0.33123424649238586,264.6666564941406,0.331971675157547,408.0,0.33158811926841736,254.6666717529297,0.3316062092781067,257.3333435058594,0.32714521884918213,269.3333435058594,0.3304389715194702,230.3333282470703,0.32687339186668396,172.0,0.332136869430542,464.3333435058594,0.3283006250858307,1987.0,0.328181654214859,582.3333129882812,0.17287784814834595,0.8531400561332703,0.709817111492157,0.9866209626197815,0.9365482330322266,44,53189,,
,0.9618359804153442,3878.0,0.9687575697898865,4129.0,0.9174311757087708,3597.0,0.9757932424545288,12228.0,0.9705971479415894,6598.0,0.9376059770584106,2949.0,0.9581711888313293,3084.0,0.9755244851112366,1430.0,0.9568410515785217,12118.0,0.9077328443527222,3414.0,0.0,0.0,0.0,0.0,0.0,0.0,0.0,0.0,0.0,0.0,0.0,0.0,0.0,0.0,0.0,0.0,0.0,0.0,0.0,0.0,0.0,0.0,0.0,0.0,0.0,0.0,0.0,0.0,0.0,0.0,0.0,0.0,0.0,0.0,0.0,0.0,0.0,0.0,0.0,0.0,0.9843013882637024,9555.0,0.9815109968185425,3137.0,0.9615722894668579,7963.0,0.9748271107673645,3615.0,0.956595242023468,3548.0,0.9583485722541809,5474.0,0.9796066880226135,9611.0,0.9735581874847412,4803.0,0.960644543170929,51632.0,0.9624311923980713,17621.0,0.9743978381156921,6601.0,0.9764123558998108,10302.0,0.9766296148300171,7103.0,0.9720942974090576,7167.0,0.9766433835029602,7150.0,0.9545091986656189,6265.0,0.968622088432312,4398.0,0.9739294052124023,13310.0,0.9689749479293823,55149.0,0.95474773645401,14607.0,,,,,,44,53189,0.9658076167106628,0.9077328443527222
0.5000117421150208,0.3287671208381653,146.0,0.33190882205963135,156.0,0.3229398727416992,149.6666717529297,0.3304944336414337,469.6666564941406,0.3309386968612671,232.0,0.3204716145992279,103.66666412353516,0.33236151933670044,114.33333587646484,0.3313252925872803,55.33333206176758,0.33108949661254883,445.6666564941406,0.3172588646411896,131.3333282470703,0.24911773204803467,692.6666870117188,0.30720534920692444,1790.3333740234375,0.3051808476448059,568.3333129882812,0.2456747442483902,3468.0,0.32057055830955505,296.0,0.31883570551872253,988.6666870117188,0.283242791891098,1657.0,0.27353641390800476,886.3333129882812,0.30614379048347473,425.0,0.28140702843666077,862.3333129882812,0.3293088376522064,1270.0,0.31682005524635315,1231.3333740234375,0.14137771725654602,2403.333251953125,0.1579677313566208,1762.6666259765625,0.31659549474716187,2575.666748046875,0.25042301416397095,1444.6666259765625,0.2823067009449005,1271.6666259765625,0.31533509492874146,1518.6666259765625,0.05837881937623024,10626.0,0.15617643296718597,4247.33349609375,0.33270910382270813,356.0,0.3333333432674408,109.66666412353516,0.3291090726852417,289.3333435058594,0.33250823616981506,134.6666717529297,0.3283582031726837,134.0,0.3284552991390228,205.0,0.33174601197242737,350.0,0.3314676582813263,178.6666717529297,0.3292704224586487,1914.3333740234375,0.33047211170196533,621.3333129882812,0.33249369263648987,264.6666564941406,0.3314270079135895,408.0,0.33289703726768494,254.6666717529297,0.33290156722068787,257.3333435058594,0.3304455578327179,269.3333435058594,0.33285093307495117,230.3333282470703,0.32751938700675964,172.0,0.331658273935318,464.3333435058594,0.3242744505405426,1987.0,0.3253195881843567,582.3333129882812,0.17513646185398102,0.8361219167709351,0.7370242476463318,0.9867997765541077,0.9517766237258911,45,54371,,
,0.9628674387931824,3878.0,0.9719060063362122,4129.0,0.9157631397247314,3597.0,0.9726856350898743,12228.0,0.9705971479415894,6598.0,0.9338759183883667,2949.0,0.9614137411117554,3084.0,0.9657342433929443,1430.0,0.9583264589309692,12118.0,0.9015817046165466,3414.0,0.0,0.0,0.0,0.0,0.0,0.0,0.0,0.0,0.0,0.0,0.0,0.0,0.0,0.0,0.0,0.0,0.0,0.0,0.0,0.0,0.0,0.0,0.0,0.0,0.0,0.0,0.0,0.0,0.0,0.0,0.0,0.0,0.0,0.0,0.0,0.0,0.0,0.0,0.0,0.0,0.9838827848434448,9555.0,0.9815109968185425,3137.0,0.9568002223968506,7963.0,0.9715076088905334,3615.0,0.9557496905326843,3548.0,0.9607234001159668,5474.0,0.9805431365966797,9611.0,0.9752238392829895,4803.0,0.9627169370651245,51632.0,0.962317705154419,17621.0,0.9724284410476685,6601.0,0.9795185327529907,10302.0,0.9780374765396118,7103.0,0.9736291170120239,7167.0,0.9791608452796936,7150.0,0.9549880027770996,6265.0,0.97385174036026,4398.0,0.9758827686309814,13310.0,0.9692288041114807,55149.0,0.9555007815361023,14607.0,,,,,,45,54371,0.9663631319999695,0.9015817046165466
0.5205045938491821,0.33105024695396423,146.0,0.3283475935459137,156.0,0.3088344633579254,149.6666717529297,0.3281286954879761,469.6666564941406,0.32998085021972656,232.0,0.31511253118515015,103.66666412353516,0.3313896954059601,114.33333587646484,0.3313252925872803,55.33333206176758,0.33084020018577576,445.6666564941406,0.3054145574569702,131.3333282470703,0.24125762283802032,692.6666870117188,0.30503320693969727,1790.3333740234375,0.3126099705696106,568.3333129882812,0.30254390835762024,3468.0,0.315315306186676,296.0,0.31939759850502014,988.6666870117188,0.2967209815979004,1657.0,0.2724081575870514,886.3333129882812,0.3118954300880432,425.0,0.2707125246524811,862.3333129882812,0.32090988755226135,1270.0,0.28695181012153625,1231.3333740234375,0.1490984708070755,2403.333251953125,0.15015128254890442,1762.6666259765625,0.29787325859069824,2575.666748046875,0.23980925977230072,1444.6666259765625,0.2685889005661011,1271.6666259765625,0.2946297824382782,1518.6666259765625,0.09442248940467834,10626.0,0.14811907708644867,4247.33349609375,0.33208489418029785,356.0,0.32928064465522766,109.66666412353516,0.33102917671203613,289.3333435058594,0.33003300428390503,134.6666717529297,0.32421228289604187,134.0,0.32899728417396545,205.0,0.33269840478897095,350.0,0.33084577322006226,178.6666717529297,0.3292704224586487,1914.3333740234375,0.33047211170196533,621.3333129882812,0.3303946256637573,264.6666564941406,0.3314270079135895,408.0,0.33289703726768494,254.6666717529297,0.332038015127182,257.3333435058594,0.3304455578327179,269.3333435058594,0.33285093307495117,230.3333282470703,0.32687339186668396,172.0,0.331658273935318,464.3333435058594,0.32030418515205383,1987.0,0.32780003547668457,582.3333129882812,0.28326746821403503,0.8891531229019165,0.7237728834152222,0.9830452799797058,0.9162436723709106,46,55553,,
,0.9654461145401001,3878.0,0.9641559720039368,4129.0,0.9157631397247314,3597.0,0.9753843545913696,12228.0,0.9693846702575684,6598.0,0.9376059770584106,2949.0,0.9678988456726074,3084.0,0.9769230484962463,1430.0,0.9588215947151184,12118.0,0.9124194383621216,3414.0,0.0,0.0,0.0,0.0,0.0,0.0,0.0,0.0,0.0,0.0,0.0,0.0,0.0,0.0,0.0,0.0,0.0,0.0,0.0,0.0,0.0,0.0,0.0,0.0,0.0,0.0,0.0,0.0,0.0,0.0,0.0,0.0,0.0,0.0,0.0,0.0,0.0,0.0,0.0,0.0,0.9833595156669617,9555.0,0.9808734655380249,3137.0,0.9625769257545471,7963.0,0.9726141095161438,3615.0,0.9487034678459167,3548.0,0.9581658840179443,5474.0,0.9805431365966797,9611.0,0.9745991826057434,4803.0,0.9622133374214172,51632.0,0.9635661840438843,17621.0,0.9721254110336304,6601.0,0.9799067974090576,10302.0,0.9722652435302734,7103.0,0.9729315042495728,7167.0,0.9788811206817627,7150.0,0.9506783485412598,6265.0,0.9733970165252686,4398.0,0.9763335585594177,13310.0,0.968884289264679,55149.0,0.9548161625862122,14607.0,,,,,,46,55553,0.9663366675376892,0.9124194383621216
0.5281586050987244,0.3325723111629486,146.0,0.3304843306541443,156.0,0.3251670300960541,149.6666717529297,0.3304944336414337,469.6666564941406,0.3295018970966339,232.0,0.3290461003780365,103.66666412353516,0.3304179012775421,114.33333587646484,0.3333333432674408,55.33333206176758,0.3305908739566803,445.6666564941406,0.3147208094596863,131.3333282470703,0.25569459795951843,692.6666870117188,0.27592626214027405,1790.3333740234375,0.2907135784626007,568.3333129882812,0.26092529296875,3468.0,0.30442944169044495,296.0,0.3135536015033722,988.6666870117188,0.2794206440448761,1657.0,0.2567381262779236,886.3333129882812,0.2867973744869232,425.0,0.2739337682723999,862.3333129882812,0.3266841471195221,1270.0,0.30644288659095764,1231.3333740234375,0.1748497486114502,2403.333251953125,0.15582451224327087,1762.6666259765625,0.31318750977516174,2575.666748046875,0.24596215784549713,1444.6666259765625,0.2802096903324127,1271.6666259765625,0.3129206895828247,1518.6666259765625,0.08095446974039078,10626.0,0.1531418412923813,4247.33349609375,0.3333333432674408,356.0,0.3323201537132263,109.66666412353516,0.32949307560920715,289.3333435058594,0.33250823616981506,134.6666717529297,0.33250415325164795,134.0,0.3306232988834381,205.0,0.3323809504508972,350.0,0.33271142840385437,178.6666717529297,0.3267165720462799,1914.3333740234375,0.32939913868904114,621.3333129882812,0.3291351795196533,264.6666564941406,0.3284313678741455,408.0,0.3228621184825897,254.6666717529297,0.327288419008255,257.3333435058594,0.3292079269886017,269.3333435058594,0.2976362705230713,230.3333282470703,0.3223514258861542,172.0,0.32950466871261597,464.3333435058594,0.3270703852176666,1987.0,0.32417479157447815,582.3333129882812,0.24286341667175293,0.8225418329238892,0.7670837640762329,0.982806921005249,0.8929088115692139,47,56735,,
,0.9664775729179382,3878.0,0.9660934805870056,4129.0,0.9149290919303894,3597.0,0.9735851883888245,12228.0,0.9725674390792847,6598.0,0.9342150092124939,2949.0,0.9581711888313293,3084.0,0.9650349617004395,1430.0,0.9586565494537354,12118.0,0.9121265411376953,3414.0,0.0,0.0,0.0,0.0,0.0,0.0,0.0,0.0,0.0,0.0,0.0,0.0,0.0,0.0,0.0,0.0,0.0,0.0,0.0,0.0,0.0,0.0,0.0,0.0,0.0,0.0,0.0,0.0,0.0,0.0,0.0,0.0,0.0,0.0,0.0,0.0,0.0,0.0,0.0,0.0,0.9854526519775391,9555.0,0.9799171090126038,3137.0,0.9637071490287781,7963.0,0.9762102365493774,3615.0,0.9481397867202759,3548.0,0.9576178193092346,5474.0,0.9805431365966797,9611.0,0.9791796803474426,4803.0,0.9627943634986877,51632.0,0.962658166885376,17621.0,0.9748523235321045,6601.0,0.9790331721305847,10302.0,0.9766296148300171,7103.0,0.9744663238525391,7167.0,0.9806993007659912,7150.0,0.9543495774269104,6265.0,0.9693042039871216,4398.0,0.9751314520835876,13310.0,0.9695007801055908,55149.0,0.9561854004859924,14607.0,,,,,,47,56735,0.9667499661445618,0.9121265411376953
0.518541157245636,0.33105024695396423,146.0,0.3276353180408478,156.0,0.31254640221595764,149.6666717529297,0.3193754255771637,469.6666564941406,0.3309386968612671,232.0,0.32368704676628113,103.66666412353516,0.33236151933670044,114.33333587646484,0.3333333432674408,55.33333206176758,0.3278484046459198,445.6666564941406,0.3079526126384735,131.3333282470703,0.27173563838005066,692.6666870117188,0.29075899720191956,1790.3333740234375,0.3137829899787903,568.3333129882812,0.26714083552360535,3468.0,0.319819837808609,296.0,0.3229939341545105,988.6666870117188,0.28431570529937744,1657.0,0.26388368010520935,886.3333129882812,0.31294116377830505,425.0,0.29210153222084045,862.3333129882812,0.3274715840816498,1270.0,0.3094206750392914,1231.3333740234375,0.13874249160289764,2403.333251953125,0.15506808459758759,1762.6666259765625,0.3074069321155548,2575.666748046875,0.2496538907289505,1444.6666259765625,0.2773263454437256,1271.6666259765625,0.3102867901325226,1518.6666259765625,0.08135182410478592,10626.0,0.15444985032081604,4247.33349609375,0.33302122354507446,356.0,0.32826748490333557,109.66666412353516,0.33026114106178284,289.3333435058594,0.33250823616981506,134.6666717529297,0.33084577322006226,134.0,0.3300813138484955,205.0,0.33301588892936707,350.0,0.33208954334259033,178.6666717529297,0.3270648419857025,1914.3333740234375,0.3290414810180664,621.3333129882812,0.32871535420417786,264.6666564941406,0.33033767342567444,408.0,0.3333333432674408,254.6666717529297,0.3333333432674408,257.3333435058594,0.3304455578327179,269.3333435058594,0.32320308685302734,230.3333282470703,0.32687339186668396,172.0,0.3187365233898163,464.3333435058594,0.23642565310001373,1987.0,0.3228391706943512,582.3333129882812,0.24405546486377716,0.8554033637046814,0.7916510105133057,0.9334624409675598,0.7092769742012024,48,57917,,
,0.9618359804153442,3878.0,0.9675466418266296,4129.0,0.9207673072814941,3597.0,0.9751390218734741,12228.0,0.9718096256256104,6598.0,0.9345541000366211,2949.0,0.9688715934753418,3084.0,0.9818181991577148,1430.0,0.9618749022483826,12118.0,0.9053895473480225,3414.0,0.0,0.0,0.0,0.0,0.0,0.0,0.0,0.0,0.0,0.0,0.0,0.0,0.0,0.0,0.0,0.0,0.0,0.0,0.0,0.0,0.0,0.0,0.0,0.0,0.0,0.0,0.0,0.0,0.0,0.0,0.0,0.0,0.0,0.0,0.0,0.0,0.0,0.0,0.0,0.0,0.9843013882637024,9555.0,0.9815109968185425,3137.0,0.9638327360153198,7963.0,0.971784234046936,3615.0,0.9568771123886108,3548.0,0.9557909965515137,5474.0,0.9799188375473022,9611.0,0.9735581874847412,4803.0,0.9622520804405212,51632.0,0.9623744487762451,17621.0,0.972882866859436,6601.0,0.9770918488502502,10302.0,0.9794452786445618,7103.0,0.972373366355896,7167.0,0.977622389793396,7150.0,0.9591380953788757,6265.0,0.9697589874267578,4398.0,0.977385401725769,13310.0,0.9689024090766907,55149.0,0.95474773645401,14607.0,,,,,,48,57917,0.9667136073112488,0.9053895473480225
0.5764690637588501,0.32420089840888977,146.0,0.3262108266353607,156.0,0.31328877806663513,149.6666717529297,0.33167731761932373,469.6666564941406,0.32998085021972656,232.0,0.3247588574886322,103.66666412353516,0.32264333963394165,114.33333587646484,0.3212851583957672,55.33333206176758,0.3290949761867523,445.6666564941406,0.29695430397987366,131.3333282470703,0.23468078672885895,692.6666870117188,0.3005647659301758,1790.3333740234375,0.2719452679157257,568.3333129882812,0.29216328263282776,3468.0,0.29767265915870667,296.0,0.3048999607563019,988.6666870117188,0.3071146011352539,1657.0,0.2500940263271332,886.3333129882812,0.2875817120075226,425.0,0.26658937335014343,862.3333129882812,0.3085739314556122,1270.0,0.26691934466362,1231.3333740234375,0.2228386402130127,2403.333251953125,0.14498235285282135,1762.6666259765625,0.2828178107738495,2575.666748046875,0.2281956672668457,1444.6666259765625,0.25766709446907043,1271.6666259765625,0.27758267521858215,1518.6666259765625,0.14264801144599915,10626.0,0.1443520039319992,4247.33349609375,0.3323970139026642,356.0,0.3333333432674408,109.66666412353516,0.3291090726852417,289.3333435058594,0.3308580815792084,134.6666717529297,0.32006633281707764,134.0,0.3273712694644928,205.0,0.33142855763435364,350.0,0.3264925181865692,178.6666717529297,0.3296186625957489,1914.3333740234375,0.3306509256362915,621.3333129882812,0.3140218257904053,264.6666564941406,0.31917211413383484,408.0,0.3093368113040924,254.6666717529297,0.31476685404777527,257.3333435058594,0.31971946358680725,269.3333435058594,0.27351662516593933,230.3333282470703,0.30038759112358093,172.0,0.3230437934398651,464.3333435058594,0.3279092013835907,1987.0,0.32741841673851013,582.3333129882812,0.42794403433799744,0.8613912463188171,0.704042375087738,0.9742848873138428,0.8205499053001404,49,59099,,
,0.9664775729179382,3878.0,0.9726325869560242,4129.0,0.9127050042152405,3597.0,0.9770199656486511,12228.0,0.9731736779212952,6598.0,0.9325194954872131,2949.0,0.9623864889144897,3084.0,0.9657342433929443,1430.0,0.9609671831130981,12118.0,0.9077328443527222,3414.0,0.0,0.0,0.0,0.0,0.0,0.0,0.0,0.0,0.0,0.0,0.0,0.0,0.0,0.0,0.0,0.0,0.0,0.0,0.0,0.0,0.0,0.0,0.0,0.0,0.0,0.0,0.0,0.0,0.0,0.0,0.0,0.0,0.0,0.0,0.0,0.0,0.0,0.0,0.0,0.0,0.9833595156669617,9555.0,0.9815109968185425,3137.0,0.9618234038352966,7963.0,0.9806362390518188,3615.0,0.9585682153701782,3548.0,0.9581658840179443,5474.0,0.9783581495285034,9611.0,0.976889431476593,4803.0,0.9643244743347168,51632.0,0.9645309448242188,17621.0,0.9712164998054504,6601.0,0.9782566428184509,10302.0,0.9757848978042603,7103.0,0.9744663238525391,7167.0,0.9826573133468628,7150.0,0.9591380953788757,6265.0,0.9708958864212036,4398.0,0.9764838218688965,13310.0,0.9702442288398743,55149.0,0.9565961360931396,14607.0,,,,,,49,59099,0.967646062374115,0.9077328443527222
0.5144613981246948,0.3280060887336731,146.0,0.33190882205963135,156.0,0.32219746708869934,149.6666717529297,0.32978472113609314,469.6666564941406,0.3318965435028076,232.0,0.3204716145992279,103.66666412353516,0.3284742534160614,114.33333587646484,0.3333333432674408,55.33333206176758,0.33084020018577576,445.6666564941406,0.312182754278183,131.3333282470703,0.24238049983978271,692.6666870117188,0.30248865485191345,1790.3333740234375,0.3085044026374817,568.3333129882812,0.31417402625083923,3468.0,0.31156155467033386,296.0,0.31636324524879456,988.6666870117188,0.296855092048645,1657.0,0.2552337944507599,886.3333129882812,0.30849674344062805,425.0,0.2655585706233978,862.3333129882812,0.3216097950935364,1270.0,0.29507309198379517,1231.3333740234375,0.14396671950817108,2403.333251953125,0.15122289955615997,1762.6666259765625,0.301281213760376,2575.666748046875,0.24619288742542267,1444.6666259765625,0.2717343866825104,1271.6666259765625,0.29989758133888245,1518.6666259765625,0.08499068766832352,10626.0,0.15110133588314056,4247.33349609375,0.33302122354507446,356.0,0.33029380440711975,109.66666412353516,0.3306451737880707,289.3333435058594,0.3316831588745117,134.6666717529297,0.3300165832042694,134.0,0.3300813138484955,205.0,0.33301588892936707,350.0,0.33271142840385437,178.6666717529297,0.3281676173210144,1914.3333740234375,0.33100858330726624,621.3333129882812,0.33165407180786133,264.6666564941406,0.33224400877952576,408.0,0.33289703726768494,254.6666717529297,0.3333333432674408,257.3333435058594,0.33127063512802124,269.3333435058594,0.3333333432674408,230.3333282470703,0.32687339186668396,172.0,0.3318975865840912,464.3333435058594,0.3120841085910797,1987.0,0.3262736201286316,582.3333129882812,0.25497207045555115,0.8915310502052307,0.7271414995193481,0.9800953269004822,0.9362522959709167,50,60281,,
,0.9708612561225891,3878.0,0.9639137983322144,4129.0,0.9152070879936218,3597.0,0.9760385751724243,12228.0,0.9725674390792847,6598.0,0.9325194954872131,2949.0,0.9666017889976501,3084.0,0.9706293940544128,1430.0,0.9596468210220337,12118.0,0.9042178988456726,3414.0,0.0,0.0,0.0,0.0,0.0,0.0,0.0,0.0,0.0,0.0,0.0,0.0,0.0,0.0,0.0,0.0,0.0,0.0,0.0,0.0,0.0,0.0,0.0,0.0,0.0,0.0,0.0,0.0,0.0,0.0,0.0,0.0,0.0,0.0,0.0,0.0,0.0,0.0,0.0,0.0,0.9850339889526367,9555.0,0.9850175380706787,3137.0,0.964335024356842,7963.0,0.9734439849853516,3615.0,0.9577226638793945,3548.0,0.9598100185394287,5474.0,0.9793986082077026,9611.0,0.9752238392829895,4803.0,0.9626975655555725,51632.0,0.9669144749641418,17621.0,0.9745492935180664,6601.0,0.9792273640632629,10302.0,0.9801492094993591,7103.0,0.9737686514854431,7167.0,0.9802797436714172,7150.0,0.9562649726867676,6265.0,0.9713506102561951,4398.0,0.9775356650352478,13310.0,0.9699360132217407,55149.0,0.9584445953369141,14607.0,,,,,,50,60281,0.9676526784896851,0.9042178988456726
0.529792845249176,0.3318112790584564,146.0,0.3326210677623749,156.0,0.3244246542453766,149.6666717529297,0.32978472113609314,469.6666564941406,0.3318965435028076,232.0,0.32690247893333435,103.66666412353516,0.3304179012775421,114.33333587646484,0.3333333432674408,55.33333206176758,0.3285963535308838,445.6666564941406,0.312182754278183,131.3333282470703,0.2635546922683716,692.6666870117188,0.30248865485191345,1790.3333740234375,0.2983382046222687,568.3333129882812,0.30744585394859314,3468.0,0.3168168365955353,296.0,0.31771185994148254,988.6666870117188,0.28009119629859924,1657.0,0.24432744085788727,886.3333129882812,0.3095424771308899,425.0,0.28205129504203796,862.3333129882812,0.3270341157913208,1270.0,0.3057209849357605,1231.3333740234375,0.14701803028583527,2403.333251953125,0.15595057606697083,1762.6666259765625,0.31042665243148804,2575.666748046875,0.24826949834823608,1444.6666259765625,0.27820008993148804,1271.6666259765625,0.3112379312515259,1518.6666259765625,0.08931969851255417,10626.0,0.15374352037906647,4247.33349609375,0.3333333432674408,356.0,0.32826748490333557,109.66666412353516,0.33102917671203613,289.3333435058594,0.33250823616981506,134.6666717529297,0.3333333432674408,134.0,0.3311653137207031,205.0,0.33301588892936707,350.0,0.33271142840385437,178.6666717529297,0.32810959219932556,1914.3333740234375,0.3302932679653168,621.3333129882812,0.33291351795196533,264.6666564941406,0.33224400877952576,408.0,0.3320244252681732,254.6666717529297,0.3316062092781067,257.3333435058594,0.3304455578327179,269.3333435058594,0.3304389715194702,230.3333282470703,0.3281653821468353,172.0,0.332136869430542,464.3333435058594,0.32813286781311035,1987.0,0.328181654214859,582.3333129882812,0.2679590880870819,0.882678210735321,0.732982337474823,0.9890047907829285,0.9365482330322266,51,61463,,
,0.9703455567359924,3878.0,0.9643981456756592,4129.0,0.9135390520095825,3597.0,0.9751390218734741,12228.0,0.9731736779212952,6598.0,0.9348931908607483,2949.0,0.9672503471374512,3084.0,0.9755244851112366,1430.0,0.9578313231468201,12118.0,0.917106032371521,3414.0,0.0,0.0,0.0,0.0,0.0,0.0,0.0,0.0,0.0,0.0,0.0,0.0,0.0,0.0,0.0,0.0,0.0,0.0,0.0,0.0,0.0,0.0,0.0,0.0,0.0,0.0,0.0,0.0,0.0,0.0,0.0,0.0,0.0,0.0,0.0,0.0,0.0,0.0,0.0,0.0,0.9847200512886047,9555.0,0.9802358746528625,3137.0,0.9633303880691528,7963.0,0.9751037359237671,3615.0,0.9549041986465454,3548.0,0.9630982875823975,5474.0,0.9822078943252563,9611.0,0.9766812324523926,4803.0,0.964363157749176,51632.0,0.9635094404220581,17621.0,0.9771246910095215,6601.0,0.9807804226875305,10302.0,0.977192759513855,7103.0,0.9764196872711182,7167.0,0.9820979237556458,7150.0,0.9559457302093506,6265.0,0.9729422330856323,4398.0,0.9778361916542053,13310.0,0.971132755279541,55149.0,0.9596084356307983,14607.0,,,,,,51,61463,0.9683437347412109,0.9135390520095825
0.6034754514694214,0.3325723111629486,146.0,0.3276353180408478,156.0,0.320712685585022,149.6666717529297,0.33096757531166077,469.6666564941406,0.33237549662590027,232.0,0.32690247893333435,103.66666412353516,0.33236151933670044,114.33333587646484,0.3313252925872803,55.33333206176758,0.3298429250717163,445.6666564941406,0.31895092129707336,131.3333282470703,0.2699711322784424,692.6666870117188,0.30112332105636597,1790.3333740234375,0.2961876690387726,568.3333129882812,0.2781302034854889,3468.0,0.3104354441165924,296.0,0.3158012926578522,988.6666870117188,0.30926036834716797,1657.0,0.2465839385986328,886.3333129882812,0.3019607961177826,425.0,0.282308965921402,862.3333129882812,0.32720908522605896,1270.0,0.3146543800830841,1231.3333740234375,0.1970873922109604,2403.333251953125,0.1557614654302597,1762.6666259765625,0.31081488728523254,2575.666748046875,0.2479618638753891,1444.6666259765625,0.27872434258461,1271.6666259765625,0.3189932703971863,1518.6666259765625,0.14047305285930634,10626.0,0.1557578593492508,4247.33349609375,0.33270910382270813,356.0,0.3333333432674408,109.66666412353516,0.32872503995895386,289.3333435058594,0.3292079269886017,134.6666717529297,0.3333333432674408,134.0,0.3311653137207031,205.0,0.3320634961128235,350.0,0.33208954334259033,178.6666717529297,0.3270067870616913,1914.3333740234375,0.32618024945259094,621.3333129882812,0.3295550048351288,264.6666564941406,0.3284313678741455,408.0,0.3232984244823456,254.6666717529297,0.327288419008255,257.3333435058594,0.32714521884918213,269.3333435058594,0.31114327907562256,230.3333282470703,0.3139534890651703,172.0,0.3297439515590668,464.3333435058594,0.32628753781318665,1987.0,0.3291356563568115,582.3333129882812,0.4214191734790802,0.8678947687149048,0.7397518157958984,0.9829261302947998,0.9334298372268677,52,62645,,
,0.9669932723045349,3878.0,0.9750545024871826,4129.0,0.9163191318511963,3597.0,0.9764475226402283,12228.0,0.9746893048286438,6598.0,0.9437097311019897,2949.0,0.9649805426597595,3084.0,0.9769230484962463,1430.0,0.9620399475097656,12118.0,0.9214997291564941,3414.0,0.0,0.0,0.0,0.0,0.0,0.0,0.0,0.0,0.0,0.0,0.0,0.0,0.0,0.0,0.0,0.0,0.0,0.0,0.0,0.0,0.0,0.0,0.0,0.0,0.0,0.0,0.0,0.0,0.0,0.0,0.0,0.0,0.0,0.0,0.0,0.0,0.0,0.0,0.0,0.0,0.984092116355896,9555.0,0.9821485280990601,3137.0,0.9649629592895508,7963.0,0.9786998629570007,3615.0,0.9577226638793945,3548.0,0.9594446420669556,5474.0,0.9800229072570801,9611.0,0.9770976305007935,4803.0,0.9647117853164673,51632.0,0.9633392095565796,17621.0,0.9747008085250854,6601.0,0.9776742458343506,10302.0,0.9787413477897644,7103.0,0.9753034710884094,7167.0,0.9791608452796936,7150.0,0.9573822617530823,6265.0,0.9718053936958313,4398.0,0.9787377715110779,13310.0,0.9709333181381226,55149.0,0.9569384455680847,14607.0,,,,,,52,62645,0.9685619473457336,0.9163191318511963
0.5216450691223145,0.3318112790584564,146.0,0.3304843306541443,156.0,0.32219746708869934,149.6666717529297,0.33073100447654724,469.6666564941406,0.33141762018203735,232.0,0.321543425321579,103.66666412353516,0.3313896954059601,114.33333587646484,0.3313252925872803,55.33333206176758,0.3298429250717163,445.6666564941406,0.32233503460884094,131.3333282470703,0.27285853028297424,692.6666870117188,0.2851734459400177,1790.3333740234375,0.2952101528644562,568.3333129882812,0.3147827684879303,3468.0,0.31343844532966614,296.0,0.3145650625228882,988.6666870117188,0.29947027564048767,1657.0,0.2453303337097168,886.3333129882812,0.2962091565132141,425.0,0.28089162707328796,862.3333129882812,0.3219597637653351,1270.0,0.29380980134010315,1231.3333740234375,0.18095238506793976,2403.333251953125,0.15216843783855438,1762.6666259765625,0.3038264214992523,2575.666748046875,0.2415013164281845,1444.6666259765625,0.2745303809642792,1271.6666259765625,0.30077552795410156,1518.6666259765625,0.08332810550928116,10626.0,0.14908701181411743,4247.33349609375,0.33302122354507446,356.0,0.3333333432674408,109.66666412353516,0.32949307560920715,289.3333435058594,0.33250823616981506,134.6666717529297,0.32918739318847656,134.0,0.3300813138484955,205.0,0.33269840478897095,350.0,0.3314676582813263,178.6666717529297,0.3271809220314026,1914.3333740234375,0.32993564009666443,621.3333129882812,0.33165407180786133,264.6666564941406,0.32952070236206055,408.0,0.33027923107147217,254.6666717529297,0.32944732904434204,257.3333435058594,0.33003300428390503,269.3333435058594,0.3198263347148895,230.3333282470703,0.32299742102622986,172.0,0.3304618299007416,464.3333435058594,0.3291953206062317,1987.0,0.32932648062705994,582.3333129882812,0.24998430907726288,0.8881790041923523,0.7359910011291504,0.987395703792572,0.959479033946991,53,63827,,
,0.9703455567359924,3878.0,0.9682731628417969,4129.0,0.9185432195663452,3597.0,0.9775106310844421,12228.0,0.9746893048286438,6598.0,0.9270939230918884,2949.0,0.9685473442077637,3084.0,0.9769230484962463,1430.0,0.962782621383667,12118.0,0.9191564321517944,3414.0,0.0,0.0,0.0,0.0,0.0,0.0,0.0,0.0,0.0,0.0,0.0,0.0,0.0,0.0,0.0,0.0,0.0,0.0,0.0,0.0,0.0,0.0,0.0,0.0,0.0,0.0,0.0,0.0,0.0,0.0,0.0,0.0,0.0,0.0,0.0,0.0,0.0,0.0,0.0,0.0,0.9851386547088623,9555.0,0.9815109968185425,3137.0,0.964837372303009,7963.0,0.9773167371749878,3615.0,0.9515219926834106,3548.0,0.9590792655944824,5474.0,0.9811674356460571,9611.0,0.9764730334281921,4803.0,0.9648086428642273,51632.0,0.9669144749641418,17621.0,0.9733373522758484,6601.0,0.9828188419342041,10302.0,0.9791637063026428,7103.0,0.9779545068740845,7167.0,0.9800000190734863,7150.0,0.9540303349494934,6265.0,0.9733970165252686,4398.0,0.9806160926818848,13310.0,0.9715316891670227,55149.0,0.9589922428131104,14607.0,,,,,,53,63827,0.9691207408905029,0.9185432195663452
0.5421497225761414,0.33028918504714966,146.0,0.3326210677623749,156.0,0.3251670300960541,149.6666717529297,0.3312041461467743,469.6666564941406,0.33237549662590027,232.0,0.32368704676628113,103.66666412353516,0.3304179012775421,114.33333587646484,0.3333333432674408,55.33333206176758,0.33034154772758484,445.6666564941406,0.3172588646411896,131.3333282470703,0.26371511816978455,692.6666870117188,0.29541364312171936,1790.3333740234375,0.29775169491767883,568.3333129882812,0.2686466872692108,3468.0,0.314939945936203,296.0,0.3150146007537842,988.6666870117188,0.226446732878685,1657.0,0.2751660943031311,886.3333129882812,0.295686274766922,425.0,0.28218013048171997,862.3333129882812,0.3211723566055298,1270.0,0.29155388474464417,1231.3333740234375,0.17350901663303375,2403.333251953125,0.14977307617664337,1762.6666259765625,0.3008498251438141,2575.666748046875,0.24142439663410187,1444.6666259765625,0.27155962586402893,1271.6666259765625,0.2942639887332916,1518.6666259765625,0.10654160380363464,10626.0,0.14777900278568268,4247.33349609375,0.3323970139026642,356.0,0.3333333432674408,109.66666412353516,0.33102917671203613,289.3333435058594,0.33250823616981506,134.6666717529297,0.3300165832042694,134.0,0.3306232988834381,205.0,0.3333333432674408,350.0,0.3302238881587982,178.6666717529297,0.329734742641449,1914.3333740234375,0.33100858330726624,621.3333129882812,0.3320738971233368,264.6666564941406,0.33224400877952576,408.0,0.3267888128757477,254.6666717529297,0.33074265718460083,257.3333435058594,0.3304455578327179,269.3333435058594,0.3178967535495758,230.3333282470703,0.3255814015865326,172.0,0.3314189910888672,464.3333435058594,0.327741414308548,1987.0,0.3291356563568115,582.3333129882812,0.31962481141090393,0.8264668583869934,0.6793401837348938,0.9887365698814392,0.9517766237258911,54,65009,,
,0.9659618139266968,3878.0,0.9687575697898865,4129.0,0.917709231376648,3597.0,0.9777559638023376,12228.0,0.972112774848938,6598.0,0.9409969449043274,2949.0,0.9601167440414429,3084.0,0.9643356800079346,1430.0,0.9618749022483826,12118.0,0.9165202379226685,3414.0,0.0,0.0,0.0,0.0,0.0,0.0,0.0,0.0,0.0,0.0,0.0,0.0,0.0,0.0,0.0,0.0,0.0,0.0,0.0,0.0,0.0,0.0,0.0,0.0,0.0,0.0,0.0,0.0,0.0,0.0,0.0,0.0,0.0,0.0,0.0,0.0,0.0,0.0,0.0,0.0,0.985766589641571,9555.0,0.9786419868469238,3137.0,0.9615722894668579,7963.0,0.977869987487793,3615.0,0.9537767767906189,3548.0,0.9652904868125916,5474.0,0.9811674356460571,9611.0,0.9793878793716431,4803.0,0.9646924138069153,51632.0,0.9657794833183289,17621.0,0.9768217206001282,6601.0,0.9831100702285767,10302.0,0.9777559041976929,7103.0,0.9739081859588623,7167.0,0.9822377562522888,7150.0,0.9605746269226074,6265.0,0.9699863791465759,4398.0,0.9776859283447266,13310.0,0.9702079892158508,55149.0,0.9585130214691162,14607.0,,,,,,54,65009,0.9686512351036072,0.9165202379226685
0.5147553086280823,0.33028918504714966,146.0,0.3326210677623749,156.0,0.32219746708869934,149.6666717529297,0.3312041461467743,469.6666564941406,0.33237549662590027,232.0,0.32690247893333435,103.66666412353516,0.33236151933670044,114.33333587646484,0.3333333432674408,55.33333206176758,0.3305908739566803,445.6666564941406,0.3172588646411896,131.3333282470703,0.26596084237098694,692.6666870117188,0.2135542631149292,1790.3333740234375,0.3032258152961731,568.3333129882812,0.30972060561180115,3468.0,0.31381380558013916,296.0,0.31804898381233215,988.6666870117188,0.28002414107322693,1657.0,0.2378087043762207,886.3333129882812,0.30666667222976685,425.0,0.2856590449810028,862.3333129882812,0.31189849972724915,1270.0,0.27070924639701843,1231.3333740234375,0.17457234859466553,2403.333251953125,0.1465582400560379,1762.6666259765625,0.29079851508140564,2575.666748046875,0.23734809458255768,1444.6666259765625,0.2670161724090576,1271.6666259765625,0.27758267521858215,1518.6666259765625,0.09309450536966324,10626.0,0.144822895526886,4247.33349609375,0.3333333432674408,356.0,0.3323201537132263,109.66666412353516,0.331413209438324,289.3333435058594,0.3316831588745117,134.6666717529297,0.3300165832042694,134.0,0.33224931359291077,205.0,0.3323809504508972,350.0,0.33208954334259033,178.6666717529297,0.32810959219932556,1914.3333740234375,0.33100858330726624,621.3333129882812,0.33291351795196533,264.6666564941406,0.3325163424015045,408.0,0.3324607312679291,254.6666717529297,0.332038015127182,257.3333435058594,0.3304455578327179,269.3333435058594,0.33236855268478394,230.3333282470703,0.32687339186668396,172.0,0.331658273935318,464.3333435058594,0.3291953206062317,1987.0,0.3287540376186371,582.3333129882812,0.2792835235595703,0.8436282277107239,0.6406627893447876,0.9903754591941833,0.9517766237258911,55,66191,,
,0.9667354226112366,3878.0,0.9714216589927673,4129.0,0.9235473871231079,3597.0,0.977592408657074,12228.0,0.9763564467430115,6598.0,0.9365886449813843,2949.0,0.9698443412780762,3084.0,0.9713286757469177,1430.0,0.9613797664642334,12118.0,0.9238430261611938,3414.0,0.0,0.0,0.0,0.0,0.0,0.0,0.0,0.0,0.0,0.0,0.0,0.0,0.0,0.0,0.0,0.0,0.0,0.0,0.0,0.0,0.0,0.0,0.0,0.0,0.0,0.0,0.0,0.0,0.0,0.0,0.0,0.0,0.0,0.0,0.0,0.0,0.0,0.0,0.0,0.0,0.9853479862213135,9555.0,0.9862926602363586,3137.0,0.9667210578918457,7963.0,0.977869987487793,3615.0,0.9551860094070435,3548.0,0.9627329111099243,5474.0,0.9816876649856567,9611.0,0.982302725315094,4803.0,0.9652928709983826,51632.0,0.9641904830932617,17621.0,0.9790940880775452,6601.0,0.9817511439323425,10302.0,0.9821202158927917,7103.0,0.9782335758209229,7167.0,0.9808391332626343,7150.0,0.9584996104240417,6265.0,0.9736243486404419,4398.0,0.9777610898017883,13310.0,0.9708970189094543,55149.0,0.9588553309440613,14607.0,,,,,,55,66191,0.969580352306366,0.9235473871231079
0.4925459027290344,0.32952815294265747,146.0,0.32977208495140076,156.0,0.3199703097343445,149.6666717529297,0.3295481503009796,469.6666564941406,0.33141762018203735,232.0,0.3279742896556854,103.66666412353516,0.32750242948532104,114.33333587646484,0.3253012001514435,55.33333206176758,0.33034154772758484,445.6666564941406,0.3147208094596863,131.3333282470703,0.2274623066186905,692.6666870117188,0.29020044207572937,1790.3333740234375,0.3030303120613098,568.3333129882812,0.24573881924152374,3468.0,0.314939945936203,296.0,0.3200719356536865,988.6666870117188,0.28002414107322693,1657.0,0.24558104574680328,886.3333129882812,0.31111112236976624,425.0,0.2879783511161804,862.3333129882812,0.31854769587516785,1270.0,0.28379353880882263,1231.3333740234375,0.1517799347639084,2403.333251953125,0.14926879107952118,1762.6666259765625,0.30020275712013245,2575.666748046875,0.2377326488494873,1444.6666259765625,0.26963740587234497,1271.6666259765625,0.2908984422683716,1518.6666259765625,0.06992282718420029,10626.0,0.14798827469348907,4247.33349609375,0.3323970139026642,356.0,0.3323201537132263,109.66666412353516,0.3306451737880707,289.3333435058594,0.3316831588745117,134.6666717529297,0.3283582031726837,134.0,0.33170732855796814,205.0,0.33269840478897095,350.0,0.33271142840385437,178.6666717529297,0.3296186625957489,1914.3333740234375,0.33154505491256714,621.3333129882812,0.33249369263648987,264.6666564941406,0.33169934153556824,408.0,0.3320244252681732,254.6666717529297,0.3316062092781067,257.3333435058594,0.3304455578327179,269.3333435058594,0.3333333432674408,230.3333282470703,0.32751938700675964,172.0,0.331658273935318,464.3333435058594,0.32399484515190125,1987.0,0.3287540376186371,582.3333129882812,0.20976848900318146,0.8182729482650757,0.6823869347572327,0.9873360991477966,0.9441624283790588,56,67373,,
,0.9677668809890747,3878.0,0.9714216589927673,4129.0,0.9260494709014893,3597.0,0.9788191318511963,12228.0,0.9759017825126648,6598.0,0.9393014311790466,2949.0,0.9672503471374512,3084.0,0.9713286757469177,1430.0,0.9618749022483826,12118.0,0.9173989295959473,3414.0,0.0,0.0,0.0,0.0,0.0,0.0,0.0,0.0,0.0,0.0,0.0,0.0,0.0,0.0,0.0,0.0,0.0,0.0,0.0,0.0,0.0,0.0,0.0,0.0,0.0,0.0,0.0,0.0,0.0,0.0,0.0,0.0,0.0,0.0,0.0,0.0,0.0,0.0,0.0,0.0,0.9863945841789246,9555.0,0.9885240793228149,3137.0,0.9693582653999329,7963.0,0.9742738604545593,3615.0,0.9551860094070435,3548.0,0.9605407118797302,5474.0,0.9836645722389221,9611.0,0.9781386852264404,4803.0,0.9648473858833313,51632.0,0.9664604663848877,17621.0,0.972882866859436,6601.0,0.9821394085884094,10302.0,0.9793044924736023,7103.0,0.9766987562179565,7167.0,0.9822377562522888,7150.0,0.9639265537261963,6265.0,0.9704411029815674,4398.0,0.9788880348205566,13310.0,0.9717673659324646,55149.0,0.9591292142868042,14607.0,,,,,,56,67373,0.9698019027709961,0.9173989295959473
0.5141792297363281,0.3280060887336731,146.0,0.33190882205963135,156.0,0.32665181159973145,149.6666717529297,0.3302578628063202,469.6666564941406,0.3318965435028076,232.0,0.31511253118515015,103.66666412353516,0.3284742534160614,114.33333587646484,0.3333333432674408,55.33333206176758,0.33108949661254883,445.6666564941406,0.3138747811317444,131.3333282470703,0.23788899183273315,692.6666870117188,0.2705269157886505,1790.3333740234375,0.307331383228302,568.3333129882812,0.3004613518714905,3468.0,0.3220720589160919,296.0,0.31962236762046814,988.6666870117188,0.28096291422843933,1657.0,0.2462078481912613,886.3333129882812,0.31032678484916687,425.0,0.2879783511161804,862.3333129882812,0.32528433203697205,1270.0,0.3022017776966095,1231.3333740234375,0.15006934106349945,2403.333251953125,0.15324003994464874,1762.6666259765625,0.3079677224159241,2575.666748046875,0.24834640324115753,1444.6666259765625,0.2777632176876068,1271.6666259765625,0.3069944381713867,1518.6666259765625,0.07769203186035156,10626.0,0.15214775502681732,4247.33349609375,0.3317727744579315,356.0,0.3323201537132263,109.66666412353516,0.329877108335495,289.3333435058594,0.3316831588745117,134.6666717529297,0.32006633281707764,134.0,0.3284552991390228,205.0,0.3323809504508972,350.0,0.33084577322006226,178.6666717529297,0.3286899924278259,1914.3333740234375,0.3286838233470917,621.3333129882812,0.33291351795196533,264.6666564941406,0.33224400877952576,408.0,0.3320244252681732,254.6666717529297,0.33246979117393494,257.3333435058594,0.3308580815792084,269.3333435058594,0.33285093307495117,230.3333282470703,0.32751938700675964,172.0,0.332615464925766,464.3333435058594,0.3224850594997406,1987.0,0.3291356563568115,582.3333129882812,0.2330760955810547,0.8615058660507202,0.7136669754981995,0.9854588508605957,0.9416243433952332,57,68555,,
,0.9718927145004272,3878.0,0.9685153961181641,4129.0,0.9304976463317871,3597.0,0.9773470759391785,12228.0,0.975750207901001,6598.0,0.9399796724319458,2949.0,0.9659532904624939,3084.0,0.9713286757469177,1430.0,0.9641855359077454,12118.0,0.9194493293762207,3414.0,0.0,0.0,0.0,0.0,0.0,0.0,0.0,0.0,0.0,0.0,0.0,0.0,0.0,0.0,0.0,0.0,0.0,0.0,0.0,0.0,0.0,0.0,0.0,0.0,0.0,0.0,0.0,0.0,0.0,0.0,0.0,0.0,0.0,0.0,0.0,0.0,0.0,0.0,0.0,0.0,0.9853479862213135,9555.0,0.9808734655380249,3137.0,0.9667210578918457,7963.0,0.9800829887390137,3615.0,0.9512401223182678,3548.0,0.9603580832481384,5474.0,0.983872652053833,9611.0,0.9814699292182922,4803.0,0.9651960134506226,51632.0,0.9662902355194092,17621.0,0.9772761464118958,6601.0,0.9820423126220703,10302.0,0.9788821339607239,7103.0,0.9790707230567932,7167.0,0.9809790253639221,7150.0,0.9615322947502136,6265.0,0.9697589874267578,4398.0,0.9793388247489929,13310.0,0.9715860486030579,55149.0,0.9585130214691162,14607.0,,,,,,57,68555,0.969868004322052,0.9194493293762207
0.5604439377784729,0.3325723111629486,146.0,0.3254985809326172,156.0,0.32219746708869934,149.6666717529297,0.3312041461467743,469.6666564941406,0.33141762018203735,232.0,0.321543425321579,103.66666412353516,0.33236151933670044,114.33333587646484,0.3333333432674408,55.33333206176758,0.33084020018577576,445.6666564941406,0.32064297795295715,131.3333282470703,0.2670837342739105,692.6666870117188,0.31030845642089844,1790.3333740234375,0.3040078282356262,568.3333129882812,0.30196717381477356,3468.0,0.31869369745254517,296.0,0.31726232171058655,988.6666870117188,0.29229530692100525,1657.0,0.27378714084625244,886.3333129882812,0.3056209087371826,425.0,0.27779924869537354,862.3333129882812,0.32484689354896545,1270.0,0.3026529550552368,1231.3333740234375,0.16453999280929565,2403.333251953125,0.15374432504177094,1762.6666259765625,0.30814027786254883,2575.666748046875,0.24842332303524017,1444.6666259765625,0.2773263454437256,1271.6666259765625,0.3069944381713867,1518.6666259765625,0.1152937188744545,10626.0,0.1526186317205429,4247.33349609375,0.3333333432674408,356.0,0.3323201537132263,109.66666412353516,0.32872503995895386,289.3333435058594,0.33250823616981506,134.6666717529297,0.33084577322006226,134.0,0.3311653137207031,205.0,0.33269840478897095,350.0,0.33208954334259033,178.6666717529297,0.32276973128318787,1914.3333740234375,0.3211731016635895,621.3333129882812,0.3333333432674408,264.6666564941406,0.33224400877952576,408.0,0.3324607312679291,254.6666717529297,0.3316062092781067,257.3333435058594,0.3308580815792084,269.3333435058594,0.32947418093681335,230.3333282470703,0.3281653821468353,172.0,0.3323761522769928,464.3333435058594,0.32712632417678833,1987.0,0.3289448618888855,582.3333129882812,0.3458811640739441,0.8934506177902222,0.801251232624054,0.9844457507133484,0.9619289636611938,58,69737,,
,0.969829797744751,3878.0,0.96706223487854,4129.0,0.9235473871231079,3597.0,0.9787372946739197,12228.0,0.9759017825126648,6598.0,0.9393014311790466,2949.0,0.963683545589447,3084.0,0.9755244851112366,1430.0,0.960224449634552,12118.0,0.917106032371521,3414.0,0.0,0.0,0.0,0.0,0.0,0.0,0.0,0.0,0.0,0.0,0.0,0.0,0.0,0.0,0.0,0.0,0.0,0.0,0.0,0.0,0.0,0.0,0.0,0.0,0.0,0.0,0.0,0.0,0.0,0.0,0.0,0.0,0.0,0.0,0.0,0.0,0.0,0.0,0.0,0.0,0.9852433204650879,9555.0,0.9837424159049988,3137.0,0.9638327360153198,7963.0,0.9762102365493774,3615.0,0.958850085735321,3548.0,0.9660211801528931,5474.0,0.983872652053833,9611.0,0.979804277420044,4803.0,0.9653509259223938,51632.0,0.9664604663848877,17621.0,0.9768217206001282,6601.0,0.9803921580314636,10302.0,0.9787413477897644,7103.0,0.9734895825386047,7167.0,0.9847552180290222,7150.0,0.9613727331161499,6265.0,0.9743065237998962,4398.0,0.9803155660629272,13310.0,0.9722388386726379,55149.0,0.9606353044509888,14607.0,,,,,,58,69737,0.9699242115020752,0.917106032371521
0.5083358883857727,0.3325723111629486,146.0,0.3326210677623749,156.0,0.320712685585022,149.6666717529297,0.32789212465286255,469.6666564941406,0.3285440504550934,232.0,0.31939980387687683,103.66666412353516,0.33236151933670044,114.33333587646484,0.3333333432674408,55.33333206176758,0.3258539140224457,445.6666564941406,0.3037225008010864,131.3333282470703,0.2624318301677704,692.6666870117188,0.28033265471458435,1790.3333740234375,0.30889540910720825,568.3333129882812,0.3170255124568939,3468.0,0.32094594836235046,296.0,0.3214205503463745,988.6666870117188,0.28659558296203613,1657.0,0.248965784907341,886.3333129882812,0.3082352876663208,425.0,0.27921658754348755,862.3333129882812,0.3207348883152008,1270.0,0.2892979681491852,1231.3333740234375,0.14239482581615448,2403.333251953125,0.15147504210472107,1762.6666259765625,0.3024459779262543,2575.666748046875,0.24565452337265015,1444.6666259765625,0.27584096789360046,1271.6666259765625,0.2925812304019928,1518.6666259765625,0.08138319104909897,10626.0,0.1500810980796814,4247.33349609375,0.33302122354507446,356.0,0.32826748490333557,109.66666412353516,0.3275729715824127,289.3333435058594,0.33250823616981506,134.6666717529297,0.33084577322006226,134.0,0.3306232988834381,205.0,0.33301588892936707,350.0,0.3314676582813263,178.6666717529297,0.32224735617637634,1914.3333740234375,0.3268955647945404,621.3333129882812,0.33249369263648987,264.6666564941406,0.33169934153556824,408.0,0.3333333432674408,254.6666717529297,0.33290156722068787,257.3333435058594,0.3308580815792084,269.3333435058594,0.3318861424922943,230.3333282470703,0.32687339186668396,172.0,0.3314189910888672,464.3333435058594,0.3220376968383789,1987.0,0.32837244868278503,582.3333129882812,0.2441495656967163,0.8866891860961914,0.7468973398208618,0.9804528951644897,0.9111675024032593,59,70919,,
,0.968024730682373,3878.0,0.9716638326644897,4129.0,0.9279955625534058,3597.0,0.9783284068107605,12228.0,0.9777204990386963,6598.0,0.9348931908607483,2949.0,0.9672503471374512,3084.0,0.9706293940544128,1430.0,0.9666611552238464,12118.0,0.9203280806541443,3414.0,0.0,0.0,0.0,0.0,0.0,0.0,0.0,0.0,0.0,0.0,0.0,0.0,0.0,0.0,0.0,0.0,0.0,0.0,0.0,0.0,0.0,0.0,0.0,0.0,0.0,0.0,0.0,0.0,0.0,0.0,0.0,0.0,0.0,0.0,0.0,0.0,0.0,0.0,0.0,0.0,0.9843013882637024,9555.0,0.9824673533439636,3137.0,0.9665955305099487,7963.0,0.9751037359237671,3615.0,0.962232232093811,3548.0,0.965107798576355,5474.0,0.9805431365966797,9611.0,0.9802206754684448,4803.0,0.9658738970756531,51632.0,0.9649849534034729,17621.0,0.9781851172447205,6601.0,0.9818481802940369,10302.0,0.9821202158927917,7103.0,0.9765592217445374,7167.0,0.9833566546440125,7150.0,0.9636073708534241,6265.0,0.9761255383491516,4398.0,0.9797145128250122,13310.0,0.9718217849731445,55149.0,0.9637160301208496,14607.0,,,,,,59,70919,0.970565676689148,0.9203280806541443
0.5422790050506592,0.3287671208381653,146.0,0.32905980944633484,156.0,0.32219746708869934,149.6666717529297,0.33096757531166077,469.6666564941406,0.3309386968612671,232.0,0.31939980387687683,103.66666412353516,0.32944604754447937,114.33333587646484,0.3333333432674408,55.33333206176758,0.33084020018577576,445.6666564941406,0.31641286611557007,131.3333282470703,0.22281038761138916,692.6666870117188,0.2773536741733551,1790.3333740234375,0.30166175961494446,568.3333129882812,0.21933871507644653,3468.0,0.3145645558834076,296.0,0.3197347819805145,988.6666870117188,0.278548926115036,1657.0,0.24846433103084564,886.3333129882812,0.3032679855823517,425.0,0.27754154801368713,862.3333129882812,0.3271216154098511,1270.0,0.30517956614494324,1231.3333740234375,0.16874711215496063,2403.333251953125,0.1543116420507431,1762.6666259765625,0.3062853217124939,2575.666748046875,0.24634671211242676,1444.6666259765625,0.27750107645988464,1271.6666259765625,0.302604615688324,1518.6666259765625,0.09862601011991501,10626.0,0.15322032570838928,4247.33349609375,0.33208489418029785,356.0,0.33130699396133423,109.66666412353516,0.33102917671203613,289.3333435058594,0.3316831588745117,134.6666717529297,0.323383092880249,134.0,0.32953929901123047,205.0,0.3333333432674408,350.0,0.33208954334259033,178.6666717529297,0.32921236753463745,1914.3333740234375,0.3302932679653168,621.3333129882812,0.33291351795196533,264.6666564941406,0.331971675157547,408.0,0.3333333432674408,254.6666717529297,0.332038015127182,257.3333435058594,0.32962045073509216,269.3333435058594,0.3304389715194702,230.3333282470703,0.32751938700675964,172.0,0.332615464925766,464.3333435058594,0.32947492599487305,1987.0,0.327990859746933,582.3333129882812,0.29587802290916443,0.7844372987747192,0.6580161452293396,0.9897199273109436,0.9492385983467102,60,72101,,
,0.9628674387931824,3878.0,0.9719060063362122,4129.0,0.9232693910598755,3597.0,0.9784919619560242,12228.0,0.9742346405982971,6598.0,0.9352322816848755,2949.0,0.9666017889976501,3084.0,0.9713286757469177,1430.0,0.965753436088562,12118.0,0.9235500693321228,3414.0,0.0,0.0,0.0,0.0,0.0,0.0,0.0,0.0,0.0,0.0,0.0,0.0,0.0,0.0,0.0,0.0,0.0,0.0,0.0,0.0,0.0,0.0,0.0,0.0,0.0,0.0,0.0,0.0,0.0,0.0,0.0,0.0,0.0,0.0,0.0,0.0,0.0,0.0,0.0,0.0,0.986289918422699,9555.0,0.9811922311782837,3137.0,0.9683536291122437,7963.0,0.9756569862365723,3615.0,0.9656144380569458,3548.0,0.9625502228736877,5474.0,0.9829362034797668,9611.0,0.9839683771133423,4803.0,0.9669972062110901,51632.0,0.9680494666099548,17621.0,0.9766702055931091,6601.0,0.9820423126220703,10302.0,0.980993926525116,7103.0,0.9782335758209229,7167.0,0.9846153855323792,7150.0,0.9631285071372986,6265.0,0.9715780019760132,4398.0,0.9797145128250122,13310.0,0.9722207188606262,55149.0,0.9626206755638123,14607.0,,,,,,60,72101,0.9709392786026001,0.9232693910598755
0.5231852531433105,0.3318112790584564,146.0,0.3276353180408478,156.0,0.3155159652233124,149.6666717529297,0.32789212465286255,469.6666564941406,0.3271072804927826,232.0,0.32368704676628113,103.66666412353516,0.3333333432674408,114.33333587646484,0.3333333432674408,55.33333206176758,0.33034154772758484,445.6666564941406,0.3096446692943573,131.3333282470703,0.26467758417129517,692.6666870117188,0.29696518182754517,1790.3333740234375,0.3114369511604309,568.3333129882812,0.30837497115135193,3468.0,0.32094594836235046,296.0,0.3224320113658905,988.6666870117188,0.28049352765083313,1657.0,0.26902344822883606,886.3333129882812,0.3139869272708893,425.0,0.2841128706932068,862.3333129882812,0.3273840844631195,1270.0,0.3095109164714813,1231.3333740234375,0.14845122396945953,2403.333251953125,0.15506808459758759,1762.6666259765625,0.31034037470817566,2575.666748046875,0.25096139311790466,1444.6666259765625,0.28003495931625366,1271.6666259765625,0.3118232190608978,1518.6666259765625,0.08184327930212021,10626.0,0.15447600185871124,4247.33349609375,0.3333333432674408,356.0,0.33029380440711975,109.66666412353516,0.3306451737880707,289.3333435058594,0.33250823616981506,134.6666717529297,0.3316749632358551,134.0,0.33224931359291077,205.0,0.3333333432674408,350.0,0.33208954334259033,178.6666717529297,0.32723894715309143,1914.3333740234375,0.32922032475471497,621.3333129882812,0.33291351795196533,264.6666564941406,0.3314270079135895,408.0,0.3324607312679291,254.6666717529297,0.33246979117393494,257.3333435058594,0.3304455578327179,269.3333435058594,0.33236855268478394,230.3333282470703,0.32751938700675964,172.0,0.3309404253959656,464.3333435058594,0.326455295085907,1987.0,0.3264644145965576,582.3333129882812,0.24552983045578003,0.8913591504096985,0.7940327525138855,0.9862037897109985,0.9289340376853943,61,73283,,
,0.9690561890602112,3878.0,0.9721482396125793,4129.0,0.928829550743103,3597.0,0.9790644645690918,12228.0,0.9775689840316772,6598.0,0.9457443356513977,2949.0,0.9656290411949158,3084.0,0.9734265804290771,1430.0,0.9660009741783142,12118.0,0.9200351238250732,3414.0,0.0,0.0,0.0,0.0,0.0,0.0,0.0,0.0,0.0,0.0,0.0,0.0,0.0,0.0,0.0,0.0,0.0,0.0,0.0,0.0,0.0,0.0,0.0,0.0,0.0,0.0,0.0,0.0,0.0,0.0,0.0,0.0,0.0,0.0,0.0,0.0,0.0,0.0,0.0,0.0,0.9853479862213135,9555.0,0.9891616106033325,3137.0,0.9697350263595581,7963.0,0.9770401120185852,3615.0,0.9577226638793945,3548.0,0.9643770456314087,5474.0,0.982728123664856,9611.0,0.9785550832748413,4803.0,0.9665710926055908,51632.0,0.966971218585968,17621.0,0.9787911176681519,6601.0,0.9818481802940369,10302.0,0.9800084233283997,7103.0,0.9775359034538269,7167.0,0.9832167625427246,7150.0,0.9656823873519897,6265.0,0.9758981466293335,4398.0,0.9797896146774292,13310.0,0.9715860486030579,55149.0,0.9639898538589478,14607.0,,,,,,61,73283,0.9711112380027771,0.9200351238250732
0.592505931854248,0.3318112790584564,146.0,0.3311965763568878,156.0,0.32145509123802185,149.6666717529297,0.3314407467842102,469.6666564941406,0.33141762018203735,232.0,0.3258306682109833,103.66666412353516,0.3333333432674408,114.33333587646484,0.3333333432674408,55.33333206176758,0.33158811926841736,445.6666564941406,0.31979694962501526,131.3333282470703,0.25890278816223145,692.6666870117188,0.29280704259872437,1790.3333740234375,0.3096774220466614,568.3333129882812,0.2959118187427521,3468.0,0.30855855345726013,296.0,0.31962236762046814,988.6666870117188,0.30724871158599854,1657.0,0.2688980996608734,886.3333129882812,0.29908496141433716,425.0,0.2747068703174591,862.3333129882812,0.32650917768478394,1270.0,0.31230825185775757,1231.3333740234375,0.15742024779319763,2403.333251953125,0.15563540160655975,1762.6666259765625,0.30848538875579834,2575.666748046875,0.24757729470729828,1444.6666259765625,0.2773263454437256,1271.6666259765625,0.312115877866745,1518.6666259765625,0.14165464043617249,10626.0,0.15620258450508118,4247.33349609375,0.3333333432674408,356.0,0.3333333432674408,109.66666412353516,0.33102917671203613,289.3333435058594,0.33250823616981506,134.6666717529297,0.3316749632358551,134.0,0.33170732855796814,205.0,0.3333333432674408,350.0,0.33271142840385437,178.6666717529297,0.3284578323364258,1914.3333740234375,0.32975679636001587,621.3333129882812,0.33291351795196533,264.6666564941406,0.3314270079135895,408.0,0.33289703726768494,254.6666717529297,0.33246979117393494,257.3333435058594,0.33003300428390503,269.3333435058594,0.3314037621021271,230.3333282470703,0.32751938700675964,172.0,0.32926538586616516,464.3333435058594,0.32628753781318665,1987.0,0.327990859746933,582.3333129882812,0.42496392130851746,0.8830220103263855,0.7767083644866943,0.9885876178741455,0.9593908786773682,62,74465,,
,0.9654461145401001,3878.0,0.9714216589927673,4129.0,0.9190992712974548,3597.0,0.9787372946739197,12228.0,0.9771142601966858,6598.0,0.9393014311790466,2949.0,0.969520092010498,3084.0,0.9734265804290771,1430.0,0.9613797664642334,12118.0,0.9173989295959473,3414.0,0.0,0.0,0.0,0.0,0.0,0.0,0.0,0.0,0.0,0.0,0.0,0.0,0.0,0.0,0.0,0.0,0.0,0.0,0.0,0.0,0.0,0.0,0.0,0.0,0.0,0.0,0.0,0.0,0.0,0.0,0.0,0.0,0.0,0.0,0.0,0.0,0.0,0.0,0.0,0.0,0.9868131875991821,9555.0,0.9824673533439636,3137.0,0.9630792140960693,7963.0,0.9792531132698059,3615.0,0.9639233350753784,3548.0,0.9621848464012146,5474.0,0.9841848015785217,9611.0,0.9781386852264404,4803.0,0.9663580656051636,51632.0,0.9686737656593323,17621.0,0.9804574847221375,6601.0,0.9811686873435974,10302.0,0.9815570712089539,7103.0,0.9800474643707275,7167.0,0.981258749961853,7150.0,0.9620111584663391,6265.0,0.968622088432312,4398.0,0.9809917211532593,13310.0,0.9731636047363281,55149.0,0.9621414542198181,14607.0,,,,,,62,74465,0.9707739949226379,0.9173989295959473
0.5723422765731812,0.32952815294265747,146.0,0.3304843306541443,156.0,0.31328877806663513,149.6666717529297,0.33191388845443726,469.6666564941406,0.33141762018203735,232.0,0.3258306682109833,103.66666412353516,0.32458698749542236,114.33333587646484,0.32931727170944214,55.33333206176758,0.3305908739566803,445.6666564941406,0.31641286611557007,131.3333282470703,0.2746230363845825,692.6666870117188,0.2779122292995453,1790.3333740234375,0.3000977337360382,568.3333129882812,0.2891516089439392,3468.0,0.3104354441165924,296.0,0.31726232171058655,988.6666870117188,0.30503585934638977,1657.0,0.24307383596897125,886.3333129882812,0.30928105115890503,425.0,0.2861744463443756,862.3333129882812,0.3251093626022339,1270.0,0.3017505705356598,1231.3333740234375,0.21451687812805176,2403.333251953125,0.1553202122449875,1762.6666259765625,0.30732065439224243,2575.666748046875,0.2394247055053711,1444.6666259765625,0.2781127095222473,1271.6666259765625,0.30845770239830017,1518.6666259765625,0.1149277463555336,10626.0,0.15405744314193726,4247.33349609375,0.3323970139026642,356.0,0.3323201537132263,109.66666412353516,0.33026114106178284,289.3333435058594,0.3308580815792084,134.6666717529297,0.326699823141098,134.0,0.3306232988834381,205.0,0.33269840478897095,350.0,0.33208954334259033,178.6666717529297,0.3296186625957489,1914.3333740234375,0.3317238986492157,621.3333129882812,0.3308144509792328,264.6666564941406,0.3306100070476532,408.0,0.3298429250717163,254.6666717529297,0.33117443323135376,257.3333435058594,0.32962045073509216,269.3333435058594,0.3256150484085083,230.3333282470703,0.32751938700675964,172.0,0.3309404253959656,464.3333435058594,0.3291953206062317,1987.0,0.327990859746933,582.3333129882812,0.3447832465171814,0.8678661584854126,0.729221522808075,0.9888259768486023,0.9398663640022278,63,75647,,
,0.9706034064292908,3878.0,0.9702107310295105,4129.0,0.9238253831863403,3597.0,0.9789009094238281,12228.0,0.9754471182823181,6598.0,0.9447270035743713,2949.0,0.9633592963218689,3084.0,0.9762237668037415,1430.0,0.9688892364501953,12118.0,0.919742226600647,3414.0,0.0,0.0,0.0,0.0,0.0,0.0,0.0,0.0,0.0,0.0,0.0,0.0,0.0,0.0,0.0,0.0,0.0,0.0,0.0,0.0,0.0,0.0,0.0,0.0,0.0,0.0,0.0,0.0,0.0,0.0,0.0,0.0,0.0,0.0,0.0,0.0,0.0,0.0,0.0,0.0,0.9853479862213135,9555.0,0.9856550693511963,3137.0,0.9669722318649292,7963.0,0.9800829887390137,3615.0,0.962232232093811,3548.0,0.9641943573951721,5474.0,0.9822078943252563,9611.0,0.9764730334281921,4803.0,0.9664936661720276,51632.0,0.9696385264396667,17621.0,0.9793970584869385,6601.0,0.9822364449501038,10302.0,0.9818386435508728,7103.0,0.9776754379272461,7167.0,0.9837762117385864,7150.0,0.9653631448745728,6265.0,0.9740791320800781,4398.0,0.9791885614395142,13310.0,0.9732361435890198,55149.0,0.961388349533081,14607.0,,,,,,63,75647,0.9713559150695801,0.919742226600647
0.5830766558647156,0.33105024695396423,146.0,0.32692307233810425,156.0,0.3251670300960541,149.6666717529297,0.3314407467842102,469.6666564941406,0.33141762018203735,232.0,0.3247588574886322,103.66666412353516,0.3304179012775421,114.33333587646484,0.3333333432674408,55.33333206176758,0.3313388228416443,445.6666564941406,0.3155668377876282,131.3333282470703,0.24799485504627228,692.6666870117188,0.30428847670555115,1790.3333740234375,0.30244380235671997,568.3333129882812,0.12514416873455048,3468.0,0.31831833720207214,296.0,0.3224320113658905,988.6666870117188,0.27546435594558716,1657.0,0.2769211530685425,886.3333129882812,0.3077124059200287,425.0,0.2833397686481476,862.3333129882812,0.32965877652168274,1270.0,0.32367804646492004,1231.3333740234375,0.15626443922519684,2403.333251953125,0.158408984541893,1762.6666259765625,0.3184073269367218,2575.666748046875,0.25196123123168945,1444.6666259765625,0.28274354338645935,1271.6666259765625,0.31826162338256836,1518.6666259765625,0.1265658587217331,10626.0,0.15690891444683075,4247.33349609375,0.3333333432674408,356.0,0.3323201537132263,109.66666412353516,0.329877108335495,289.3333435058594,0.33250823616981506,134.6666717529297,0.3300165832042694,134.0,0.3311653137207031,205.0,0.33269840478897095,350.0,0.33208954334259033,178.6666717529297,0.3276452422142029,1914.3333740234375,0.33100858330726624,621.3333129882812,0.33291351795196533,264.6666564941406,0.331971675157547,408.0,0.33158811926841736,254.6666717529297,0.332038015127182,257.3333435058594,0.32962045073509216,269.3333435058594,0.3227206766605377,230.3333282470703,0.3262273967266083,172.0,0.332136869430542,464.3333435058594,0.327741414308548,1987.0,0.32665520906448364,582.3333129882812,0.3796975910663605,0.7251890897750854,0.3754325211048126,0.9879618883132935,0.9467005133628845,64,76829,,
,0.969829797744751,3878.0,0.967788815498352,4129.0,0.9210453033447266,3597.0,0.9797186851501465,12228.0,0.9777204990386963,6598.0,0.9447270035743713,2949.0,0.9691958427429199,3084.0,0.9769230484962463,1430.0,0.9666611552238464,12118.0,0.9238430261611938,3414.0,0.0,0.0,0.0,0.0,0.0,0.0,0.0,0.0,0.0,0.0,0.0,0.0,0.0,0.0,0.0,0.0,0.0,0.0,0.0,0.0,0.0,0.0,0.0,0.0,0.0,0.0,0.0,0.0,0.0,0.0,0.0,0.0,0.0,0.0,0.0,0.0,0.0,0.0,0.0,0.0,0.9871271848678589,9555.0,0.98342365026474,3137.0,0.9669722318649292,7963.0,0.9792531132698059,3615.0,0.9605411291122437,3548.0,0.9652904868125916,5474.0,0.9837685823440552,9611.0,0.9820945262908936,4803.0,0.9671134352684021,51632.0,0.9703762531280518,17621.0,0.9766702055931091,6601.0,0.9859250783920288,10302.0,0.9825425744056702,7103.0,0.9792102575302124,7167.0,0.9836363792419434,7150.0,0.9616919159889221,6265.0,0.9761255383491516,4398.0,0.9766340851783752,13310.0,0.9728190898895264,55149.0,0.9630314111709595,14607.0,,,,,,64,76829,0.9716535210609436,0.9210453033447266
0.5453711748123169,0.32496193051338196,146.0,0.3233618140220642,156.0,0.3229398727416992,149.6666717529297,0.33191388845443726,469.6666564941406,0.32758620381355286,232.0,0.3204716145992279,103.66666412353516,0.31778424978256226,114.33333587646484,0.3333333432674408,55.33333206176758,0.3305908739566803,445.6666564941406,0.29864636063575745,131.3333282470703,0.25088226795196533,692.6666870117188,0.29808229207992554,1790.3333740234375,0.29110458493232727,568.3333129882812,0.27076125144958496,3468.0,0.3130630552768707,296.0,0.3133288323879242,988.6666870117188,0.3041641414165497,1657.0,0.25147297978401184,886.3333129882812,0.2993464171886444,425.0,0.27651074528694153,862.3333129882812,0.32755905389785767,1270.0,0.30960115790367126,1231.3333740234375,0.17947296798229218,2403.333251953125,0.156013622879982,1762.6666259765625,0.3110737204551697,2575.666748046875,0.24634671211242676,1444.6666259765625,0.27793797850608826,1271.6666259765625,0.3157740533351898,1518.6666259765625,0.09492439776659012,10626.0,0.15342961251735687,4247.33349609375,0.3317727744579315,356.0,0.3323201537132263,109.66666412353516,0.33102917671203613,289.3333435058594,0.33003300428390503,134.6666717529297,0.323383092880249,134.0,0.3311653137207031,205.0,0.3323809504508972,350.0,0.33208954334259033,178.6666717529297,0.328806072473526,1914.3333740234375,0.32975679636001587,621.3333129882812,0.3303946256637573,264.6666564941406,0.331971675157547,408.0,0.3298429250717163,254.6666717529297,0.3303108811378479,257.3333435058594,0.3263201415538788,269.3333435058594,0.31741437315940857,230.3333282470703,0.3255814015865326,172.0,0.331658273935318,464.3333435058594,0.32863613963127136,1987.0,0.32837244868278503,582.3333129882812,0.28477320075035095,0.8526816368103027,0.752646803855896,0.9857568740844727,0.8959391117095947,65,78011,,
,0.9664775729179382,3878.0,0.9779607653617859,4129.0,0.9363358616828918,3597.0,0.9790644645690918,12228.0,0.9781752228736877,6598.0,0.9457443356513977,2949.0,0.969520092010498,3084.0,0.9727272987365723,1430.0,0.9666611552238464,12118.0,0.9276508688926697,3414.0,0.0,0.0,0.0,0.0,0.0,0.0,0.0,0.0,0.0,0.0,0.0,0.0,0.0,0.0,0.0,0.0,0.0,0.0,0.0,0.0,0.0,0.0,0.0,0.0,0.0,0.0,0.0,0.0,0.0,0.0,0.0,0.0,0.0,0.0,0.0,0.0,0.0,0.0,0.0,0.0,0.986289918422699,9555.0,0.9831048846244812,3137.0,0.9702373743057251,7963.0,0.9817427396774292,3615.0,0.9602593183517456,3548.0,0.965107798576355,5474.0,0.9850171804428101,9611.0,0.9816781282424927,4803.0,0.9676750898361206,51632.0,0.9690142273902893,17621.0,0.9792455434799194,6601.0,0.984177827835083,10302.0,0.9826833605766296,7103.0,0.9794893264770508,7167.0,0.9834964871406555,7150.0,0.9652035236358643,6265.0,0.97385174036026,4398.0,0.9819684624671936,13310.0,0.9745417237281799,55149.0,0.9633052349090576,14607.0,,,,,,65,78011,0.9726851582527161,0.9276508688926697
0.5634537935256958,0.3325723111629486,146.0,0.33190882205963135,156.0,0.32590943574905396,149.6666717529297,0.3312041461467743,469.6666564941406,0.33285441994667053,232.0,0.3258306682109833,103.66666412353516,0.3333333432674408,114.33333587646484,0.3333333432674408,55.33333206176758,0.3320867717266083,445.6666564941406,0.32148900628089905,131.3333282470703,0.25344881415367126,692.6666870117188,0.29777199029922485,1790.3333740234375,0.29462364315986633,568.3333129882812,0.2834486663341522,3468.0,0.31644144654273987,296.0,0.31962236762046814,988.6666870117188,0.27117279171943665,1657.0,0.24858969449996948,886.3333129882812,0.30718955397605896,425.0,0.27908775210380554,862.3333129882812,0.3266841471195221,1270.0,0.3038260340690613,1231.3333740234375,0.190476194024086,2403.333251953125,0.15349218249320984,1762.6666259765625,0.3028342127799988,2575.666748046875,0.2447315901517868,1444.6666259765625,0.274268239736557,1271.6666259765625,0.30575066804885864,1518.6666259765625,0.11445719748735428,10626.0,0.15178151428699493,4247.33349609375,0.33270910382270813,356.0,0.3323201537132263,109.66666412353516,0.33102917671203613,289.3333435058594,0.33250823616981506,134.6666717529297,0.3300165832042694,134.0,0.3311653137207031,205.0,0.3333333432674408,350.0,0.33208954334259033,178.6666717529297,0.3290962874889374,1914.3333740234375,0.33136624097824097,621.3333129882812,0.33165407180786133,264.6666564941406,0.331971675157547,408.0,0.3276614248752594,254.6666717529297,0.3303108811378479,257.3333435058594,0.3304455578327179,269.3333435058594,0.3207911252975464,230.3333282470703,0.3242894113063812,172.0,0.3309404253959656,464.3333435058594,0.3291394114494324,1987.0,0.327990859746933,582.3333129882812,0.34337159991264343,0.8533979058265686,0.7457690834999084,0.9898092746734619,0.9623733758926392,66,79193,,
,0.9657039642333984,3878.0,0.9689997434616089,4129.0,0.9291076064109802,3597.0,0.9787372946739197,12228.0,0.9802970886230469,6598.0,0.942353367805481,2949.0,0.9701685905456543,3084.0,0.9769230484962463,1430.0,0.9641855359077454,12118.0,0.9247217178344727,3414.0,0.0,0.0,0.0,0.0,0.0,0.0,0.0,0.0,0.0,0.0,0.0,0.0,0.0,0.0,0.0,0.0,0.0,0.0,0.0,0.0,0.0,0.0,0.0,0.0,0.0,0.0,0.0,0.0,0.0,0.0,0.0,0.0,0.0,0.0,0.0,0.0,0.0,0.0,0.0,0.0,0.9850339889526367,9555.0,0.9843800067901611,3137.0,0.9711164236068726,7963.0,0.977869987487793,3615.0,0.9611048698425293,3548.0,0.9683960676193237,5474.0,0.9853293299674988,9611.0,0.9802206754684448,4803.0,0.9676363468170166,51632.0,0.9678224921226501,17621.0,0.9795485734939575,6601.0,0.9847602248191833,10302.0,0.9839504361152649,7103.0,0.97962886095047,7167.0,0.9858741164207458,7150.0,0.9672785401344299,6265.0,0.976352870464325,4398.0,0.9800901412963867,13310.0,0.9736169576644897,55149.0,0.9652906060218811,14607.0,,,,,,66,79193,0.9723313450813293,0.9247217178344727
0.5651938915252686,0.33105024695396423,146.0,0.33190882205963135,156.0,0.32665181159973145,149.6666717529297,0.3321504592895508,469.6666564941406,0.33237549662590027,232.0,0.32690247893333435,103.66666412353516,0.3304179012775421,114.33333587646484,0.3333333432674408,55.33333206176758,0.3313388228416443,445.6666564941406,0.31979694962501526,131.3333282470703,0.2581007182598114,692.6666870117188,0.2965928018093109,1790.3333740234375,0.31417399644851685,568.3333129882812,0.19941048324108124,3468.0,0.32019519805908203,296.0,0.3222072422504425,988.6666870117188,0.29745858907699585,1657.0,0.26751911640167236,886.3333129882812,0.310849666595459,425.0,0.2873341143131256,862.3333129882812,0.3304462134838104,1270.0,0.3260241746902466,1231.3333740234375,0.15672676265239716,2403.333251953125,0.15878719091415405,1762.6666259765625,0.32142701745033264,2575.666748046875,0.2532687187194824,1444.6666259765625,0.2863259017467499,1271.6666259765625,0.32206615805625916,1518.6666259765625,0.10788004845380783,10626.0,0.15782451629638672,4247.33349609375,0.33302122354507446,356.0,0.3333333432674408,109.66666412353516,0.331413209438324,289.3333435058594,0.33250823616981506,134.6666717529297,0.3316749632358551,134.0,0.33224931359291077,205.0,0.3333333432674408,350.0,0.33271142840385437,178.6666717529297,0.32956060767173767,1914.3333740234375,0.33154505491256714,621.3333129882812,0.33165407180786133,264.6666564941406,0.3314270079135895,408.0,0.33289703726768494,254.6666717529297,0.33246979117393494,257.3333435058594,0.3304455578327179,269.3333435058594,0.33236855268478394,230.3333282470703,0.3281653821468353,172.0,0.332136869430542,464.3333435058594,0.32175809144973755,1987.0,0.32493796944618225,582.3333129882812,0.3236401379108429,0.8001375198364258,0.5982314348220825,0.9872467517852783,0.9593908786773682,67,80375,,
,0.9734399318695068,3878.0,0.9740857481956482,4129.0,0.932721734046936,3597.0,0.980454683303833,12228.0,0.9795392751693726,6598.0,0.9454052448272705,2949.0,0.9675745964050293,3084.0,0.9783216714859009,1430.0,0.9663310647010803,12118.0,0.9191564321517944,3414.0,0.0,0.0,0.0,0.0,0.0,0.0,0.0,0.0,0.0,0.0,0.0,0.0,0.0,0.0,0.0,0.0,0.0,0.0,0.0,0.0,0.0,0.0,0.0,0.0,0.0,0.0,0.0,0.0,0.0,0.0,0.0,0.0,0.0,0.0,0.0,0.0,0.0,0.0,0.0,0.0,0.9839874505996704,9555.0,0.9866114258766174,3137.0,0.9660931825637817,7963.0,0.977869987487793,3615.0,0.9644870162010193,3548.0,0.9598100185394287,5474.0,0.9848091006278992,9611.0,0.9800124764442444,4803.0,0.9666292071342468,51632.0,0.9680494666099548,17621.0,0.9775791764259338,6601.0,0.9854397177696228,10302.0,0.9849359393119812,7103.0,0.978373110294342,7167.0,0.9820979237556458,7150.0,0.9631285071372986,6265.0,0.9777171611785889,4398.0,0.981141984462738,13310.0,0.9732542634010315,55149.0,0.9659067392349243,14607.0,,,,,,67,80375,0.9720205068588257,0.9191564321517944
0.5329084992408752,0.3318112790584564,146.0,0.33190882205963135,156.0,0.3192279040813446,149.6666717529297,0.3224509060382843,469.6666564941406,0.32998085021972656,232.0,0.321543425321579,103.66666412353516,0.3333333432674408,114.33333587646484,0.3333333432674408,55.33333206176758,0.33034154772758484,445.6666564941406,0.3071065843105316,131.3333282470703,0.2635546922683716,692.6666870117188,0.30484703183174133,1790.3333740234375,0.30185726284980774,568.3333129882812,0.2980264127254486,3468.0,0.32019519805908203,296.0,0.3237806260585785,988.6666870117188,0.28854021430015564,1657.0,0.2760436236858368,886.3333129882812,0.3163398802280426,425.0,0.27754154801368713,862.3333129882812,0.32650917768478394,1270.0,0.31429344415664673,1231.3333740234375,0.13754044473171234,2403.333251953125,0.15468986332416534,1762.6666259765625,0.3121521770954132,2575.666748046875,0.2518843114376068,1444.6666259765625,0.27889907360076904,1271.6666259765625,0.3118232190608978,1518.6666259765625,0.09231027215719223,10626.0,0.15405744314193726,4247.33349609375,0.3333333432674408,356.0,0.32826748490333557,109.66666412353516,0.32872503995895386,289.3333435058594,0.33250823616981506,134.6666717529297,0.33250415325164795,134.0,0.3306232988834381,205.0,0.3323809504508972,350.0,0.33208954334259033,178.6666717529297,0.3236984312534332,1914.3333740234375,0.32564377784729004,621.3333129882812,0.3291351795196533,264.6666564941406,0.3306100070476532,408.0,0.3333333432674408,254.6666717529297,0.3333333432674408,257.3333435058594,0.3304455578327179,269.3333435058594,0.32368549704551697,230.3333282470703,0.32687339186668396,172.0,0.32543671131134033,464.3333435058594,0.23189622163772583,1987.0,0.3245563805103302,582.3333129882812,0.2769308090209961,0.8882649540901184,0.7906640768051147,0.9309296607971191,0.6956886649131775,68,81557,,
,0.9711191058158875,3878.0,0.9743279218673706,4129.0,0.9268835186958313,3597.0,0.9788191318511963,12228.0,0.9789330363273621,6598.0,0.9498134851455688,2949.0,0.9659532904624939,3084.0,0.9706293940544128,1430.0,0.9707047343254089,12118.0,0.9250146746635437,3414.0,0.0,0.0,0.0,0.0,0.0,0.0,0.0,0.0,0.0,0.0,0.0,0.0,0.0,0.0,0.0,0.0,0.0,0.0,0.0,0.0,0.0,0.0,0.0,0.0,0.0,0.0,0.0,0.0,0.0,0.0,0.0,0.0,0.0,0.0,0.0,0.0,0.0,0.0,0.0,0.0,0.9873364567756653,9555.0,0.9859738349914551,3137.0,0.9703629016876221,7963.0,0.9839557409286499,3615.0,0.9594137668609619,3548.0,0.9667519330978394,5474.0,0.9840807318687439,9611.0,0.9825109243392944,4803.0,0.9689533710479736,51632.0,0.9699222445487976,17621.0,0.9771246910095215,6601.0,0.9828188419342041,10302.0,0.9821202158927917,7103.0,0.9780940413475037,7167.0,0.9826573133468628,7150.0,0.9639265537261963,6265.0,0.9749886393547058,4398.0,0.9815927743911743,13310.0,0.9737076163291931,55149.0,0.9633737206459045,14607.0,,,,,,68,81557,0.9727479815483093,0.9250146746635437
0.5292167067527771,0.33105024695396423,146.0,0.3311965763568878,156.0,0.3184855282306671,149.6666717529297,0.3302578628063202,469.6666564941406,0.33237549662590027,232.0,0.3247588574886322,103.66666412353516,0.3304179012775421,114.33333587646484,0.3313252925872803,55.33333206176758,0.32959362864494324,445.6666564941406,0.3147208094596863,131.3333282470703,0.2542508840560913,692.6666870117188,0.24042697250843048,1790.3333740234375,0.3145650029182434,568.3333129882812,0.2945021092891693,3468.0,0.3175675570964813,296.0,0.3240053951740265,988.6666870117188,0.28760144114494324,1657.0,0.2582424581050873,886.3333129882812,0.3126797378063202,425.0,0.2892668545246124,862.3333129882812,0.3251093626022339,1270.0,0.30184081196784973,1231.3333740234375,0.14220990240573883,2403.333251953125,0.1545637995004654,1762.6666259765625,0.3062421977519989,2575.666748046875,0.2479618638753891,1444.6666259765625,0.27793797850608826,1271.6666259765625,0.3041410744190216,1518.6666259765625,0.092812180519104,10626.0,0.15397895872592926,4247.33349609375,0.3317727744579315,356.0,0.33130699396133423,109.66666412353516,0.3306451737880707,289.3333435058594,0.3316831588745117,134.6666717529297,0.326699823141098,134.0,0.33170732855796814,205.0,0.33301588892936707,350.0,0.33271142840385437,178.6666717529297,0.33002495765686035,1914.3333740234375,0.33082976937294006,621.3333129882812,0.33291351795196533,264.6666564941406,0.3311546742916107,408.0,0.33289703726768494,254.6666717529297,0.3333333432674408,257.3333435058594,0.3304455578327179,269.3333435058594,0.3314037621021271,230.3333282470703,0.3281653821468353,172.0,0.33070114254951477,464.3333435058594,0.32572832703590393,1987.0,0.32741841673851013,582.3333129882812,0.278436541557312,0.8531686663627625,0.7212809324264526,0.9881704449653625,0.9441624283790588,69,82739,,
,0.9731820821762085,3878.0,0.9728747606277466,4129.0,0.9324436783790588,3597.0,0.9815178513526917,12228.0,0.9777204990386963,6598.0,0.9447270035743713,2949.0,0.9656290411949158,3084.0,0.9734265804290771,1430.0,0.9670737981796265,12118.0,0.92530757188797,3414.0,0.0,0.0,0.0,0.0,0.0,0.0,0.0,0.0,0.0,0.0,0.0,0.0,0.0,0.0,0.0,0.0,0.0,0.0,0.0,0.0,0.0,0.0,0.0,0.0,0.0,0.0,0.0,0.0,0.0,0.0,0.0,0.0,0.0,0.0,0.0,0.0,0.0,0.0,0.0,0.0,0.986603856086731,9555.0,0.9885240793228149,3137.0,0.9677257537841797,7963.0,0.9800829887390137,3615.0,0.95969557762146,3548.0,0.9654731750488281,5474.0,0.9828321933746338,9611.0,0.979804277420044,4803.0,0.9689921140670776,51632.0,0.9699222445487976,17621.0,0.9763672351837158,6601.0,0.988254725933075,10302.0,0.9842320084571838,7103.0,0.9824194312095642,7167.0,0.9858741164207458,7150.0,0.966640055179596,6265.0,0.9745338559150696,4398.0,0.9820435643196106,13310.0,0.9743059873580933,55149.0,0.9652906060218811,14607.0,,,,,,69,82739,0.9731811285018921,0.92530757188797
0.606767475605011,0.3280060887336731,146.0,0.3304843306541443,156.0,0.32219746708869934,149.6666717529297,0.33096757531166077,469.6666564941406,0.3318965435028076,232.0,0.3279742896556854,103.66666412353516,0.3284742534160614,114.33333587646484,0.3333333432674408,55.33333206176758,0.3313388228416443,445.6666564941406,0.3172588646411896,131.3333282470703,0.2537696659564972,692.6666870117188,0.3012474477291107,1790.3333740234375,0.30791789293289185,568.3333129882812,0.2895040214061737,3468.0,0.31156155467033386,296.0,0.31714990735054016,988.6666870117188,0.27740898728370667,1657.0,0.25448164343833923,886.3333129882812,0.30718955397605896,425.0,0.27870121598243713,862.3333129882812,0.3215223252773285,1270.0,0.29362931847572327,1231.3333740234375,0.1955617219209671,2403.333251953125,0.15040342509746552,1762.6666259765625,0.29623398184776306,2575.666748046875,0.24442392587661743,1444.6666259765625,0.2701616585254669,1271.6666259765625,0.30070236325263977,1518.6666259765625,0.15705712139606476,10626.0,0.15162454545497894,4247.33349609375,0.3323970139026642,356.0,0.3323201537132263,109.66666412353516,0.3317972421646118,289.3333435058594,0.33250823616981506,134.6666717529297,0.3225539028644562,134.0,0.33170732855796814,205.0,0.33301588892936707,350.0,0.33271142840385437,178.6666717529297,0.33031517267227173,1914.3333740234375,0.33100858330726624,621.3333129882812,0.3295550048351288,264.6666564941406,0.331971675157547,408.0,0.3324607312679291,254.6666717529297,0.33246979117393494,257.3333435058594,0.3308580815792084,269.3333435058594,0.33285093307495117,230.3333282470703,0.3281653821468353,172.0,0.331658273935318,464.3333435058594,0.3165017068386078,1987.0,0.3291356563568115,582.3333129882812,0.45121029019355774,0.8653449416160583,0.7613089680671692,0.9841775894165039,0.949505090713501,70,83921,,
,0.9703455567359924,3878.0,0.9750545024871826,4129.0,0.928829550743103,3597.0,0.9802093505859375,12228.0,0.9801455140113831,6598.0,0.9491353034973145,2949.0,0.9682230949401855,3084.0,0.9790209531784058,1430.0,0.9702921509742737,12118.0,0.9282366633415222,3414.0,0.0,0.0,0.0,0.0,0.0,0.0,0.0,0.0,0.0,0.0,0.0,0.0,0.0,0.0,0.0,0.0,0.0,0.0,0.0,0.0,0.0,0.0,0.0,0.0,0.0,0.0,0.0,0.0,0.0,0.0,0.0,0.0,0.0,0.0,0.0,0.0,0.0,0.0,0.0,0.0,0.9841967821121216,9555.0,0.9850175380706787,3137.0,0.9681024551391602,7963.0,0.9800829887390137,3615.0,0.9616685509681702,3548.0,0.9640116691589355,5474.0,0.9830402731895447,9611.0,0.9831355214118958,4803.0,0.9686822295188904,51632.0,0.9715679883956909,17621.0,0.9765186905860901,6601.0,0.9816540479660034,10302.0,0.9835280776023865,7103.0,0.9817217588424683,7167.0,0.9843356609344482,7150.0,0.9671189188957214,6265.0,0.9793087840080261,4398.0,0.9789631962776184,13310.0,0.9737982749938965,55149.0,0.964948296546936,14607.0,,,,,,70,83921,0.972929835319519,0.9282366633415222
0.4905589520931244,0.3280060887336731,146.0,0.33190882205963135,156.0,0.32219746708869934,149.6666717529297,0.33073100447654724,469.6666564941406,0.33285441994667053,232.0,0.32368704676628113,103.66666412353516,0.33236151933670044,114.33333587646484,0.3333333432674408,55.33333206176758,0.3313388228416443,445.6666564941406,0.3138747811317444,131.3333282470703,0.2773500084877014,692.6666870117188,0.27561596035957336,1790.3333740234375,0.3114369511604309,568.3333129882812,0.2981545627117157,3468.0,0.3190690577030182,296.0,0.3222072422504425,988.6666870117188,0.27211156487464905,1657.0,0.26049894094467163,886.3333129882812,0.3139869272708893,425.0,0.2879783511161804,862.3333129882812,0.3237970173358917,1270.0,0.29335859417915344,1231.3333740234375,0.15788257122039795,2403.333251953125,0.1543116420507431,1762.6666259765625,0.30926188826560974,2575.666748046875,0.24511612951755524,1444.6666259765625,0.2770642340183258,1271.6666259765625,0.298287957906723,1518.6666259765625,0.05751092731952667,10626.0,0.15185998380184174,4247.33349609375,0.3333333432674408,356.0,0.33130699396133423,109.66666412353516,0.3306451737880707,289.3333435058594,0.33250823616981506,134.6666717529297,0.3300165832042694,134.0,0.3306232988834381,205.0,0.3333333432674408,350.0,0.33271142840385437,178.6666717529297,0.32857391238212585,1914.3333740234375,0.33100858330726624,621.3333129882812,0.33165407180786133,264.6666564941406,0.331971675157547,408.0,0.3324607312679291,254.6666717529297,0.33246979117393494,257.3333435058594,0.3308580815792084,269.3333435058594,0.33092138171195984,230.3333282470703,0.3281653821468353,172.0,0.332615464925766,464.3333435058594,0.32824471592903137,1987.0,0.32951727509498596,582.3333129882812,0.17253278195858002,0.8697570562362671,0.7814968228340149,0.9899284839630127,0.9416243433952332,71,85103,,
,0.9690561890602112,3878.0,0.9782029390335083,4129.0,0.932721734046936,3597.0,0.9772652983665466,12228.0,0.9768111705780029,6598.0,0.942014217376709,2949.0,0.9711413979530334,3084.0,0.9755244851112366,1430.0,0.9686416983604431,12118.0,0.9326303601264954,3414.0,0.0,0.0,0.0,0.0,0.0,0.0,0.0,0.0,0.0,0.0,0.0,0.0,0.0,0.0,0.0,0.0,0.0,0.0,0.0,0.0,0.0,0.0,0.0,0.0,0.0,0.0,0.0,0.0,0.0,0.0,0.0,0.0,0.0,0.0,0.0,0.0,0.0,0.0,0.0,0.0,0.9856619834899902,9555.0,0.9878864884376526,3137.0,0.9687303900718689,7963.0,0.9798063635826111,3615.0,0.9608229994773865,3548.0,0.9698575139045715,5474.0,0.9856414794921875,9611.0,0.9845929741859436,4803.0,0.9695150256156921,51632.0,0.9690142273902893,17621.0,0.9810634851455688,6601.0,0.9838865995407104,10302.0,0.983387291431427,7103.0,0.9804660081863403,7167.0,0.9861538410186768,7150.0,0.9632881283760071,6265.0,0.9758981466293335,4398.0,0.980540931224823,13310.0,0.9754120707511902,55149.0,0.9661806225776672,14607.0,,,,,,71,85103,0.9735018610954285,0.9326303601264954
0.5754109025001526,0.3234398663043976,146.0,0.32905980944633484,156.0,0.3184855282306671,149.6666717529297,0.33191388845443726,469.6666564941406,0.32902297377586365,232.0,0.3247588574886322,103.66666412353516,0.323615163564682,114.33333587646484,0.32931727170944214,55.33333206176758,0.3313388228416443,445.6666564941406,0.3054145574569702,131.3333282470703,0.27077317237854004,692.6666870117188,0.30323341488838196,1790.3333740234375,0.3081133961677551,568.3333129882812,0.254133015871048,3468.0,0.3119369447231293,296.0,0.31917282938957214,988.6666870117188,0.29645276069641113,1657.0,0.2637583017349243,886.3333129882812,0.31294116377830505,425.0,0.283597469329834,862.3333129882812,0.32484689354896545,1270.0,0.30166035890579224,1231.3333740234375,0.20291262865066528,2403.333251953125,0.15393343567848206,1762.6666259765625,0.3071480989456177,2575.666748046875,0.2447315901517868,1444.6666259765625,0.2774137258529663,1271.6666259765625,0.30948200821876526,1518.6666259765625,0.12017691880464554,10626.0,0.1531418412923813,4247.33349609375,0.33270910382270813,356.0,0.3333333432674408,109.66666412353516,0.3306451737880707,289.3333435058594,0.3316831588745117,134.6666717529297,0.3192371428012848,134.0,0.3306232988834381,205.0,0.33301588892936707,350.0,0.33208954334259033,178.6666717529297,0.3301410377025604,1914.3333740234375,0.33082976937294006,621.3333129882812,0.33249369263648987,264.6666564941406,0.331971675157547,408.0,0.33158811926841736,254.6666717529297,0.32987910509109497,257.3333435058594,0.3304455578327179,269.3333435058594,0.3304389715194702,230.3333282470703,0.3294573724269867,172.0,0.332136869430542,464.3333435058594,0.3292512595653534,1987.0,0.32760924100875854,582.3333129882812,0.3605307638645172,0.8502177596092224,0.7623990774154663,0.9890941381454468,0.9162436723709106,72,86285,,
,0.9752449989318848,3878.0,0.9750545024871826,4129.0,0.9291076064109802,3597.0,0.9805364608764648,12228.0,0.9781752228736877,6598.0,0.9454052448272705,2949.0,0.9727626442909241,3084.0,0.9755244851112366,1430.0,0.9689717888832092,12118.0,0.9285295605659485,3414.0,0.0,0.0,0.0,0.0,0.0,0.0,0.0,0.0,0.0,0.0,0.0,0.0,0.0,0.0,0.0,0.0,0.0,0.0,0.0,0.0,0.0,0.0,0.0,0.0,0.0,0.0,0.0,0.0,0.0,0.0,0.0,0.0,0.0,0.0,0.0,0.0,0.0,0.0,0.0,0.0,0.9855573177337646,9555.0,0.9846987724304199,3137.0,0.9704884886741638,7963.0,0.9767634868621826,3615.0,0.965332567691803,3548.0,0.9662038683891296,5474.0,0.9835605025291443,9611.0,0.9835519194602966,4803.0,0.9690308570861816,51632.0,0.968163013458252,17621.0,0.9786396026611328,6601.0,0.9851484894752502,10302.0,0.9822610020637512,7103.0,0.9826985001564026,7167.0,0.985314667224884,7150.0,0.9704708456993103,6265.0,0.9772623777389526,4398.0,0.9801653027534485,13310.0,0.9743603467941284,55149.0,0.9647429585456848,14607.0,,,,,,72,86285,0.9733067750930786,0.9285295605659485
0.514649510383606,0.3287671208381653,146.0,0.3304843306541443,156.0,0.320712685585022,149.6666717529297,0.33191388845443726,469.6666564941406,0.3309386968612671,232.0,0.31832799315452576,103.66666412353516,0.3304179012775421,114.33333587646484,0.3333333432674408,55.33333206176758,0.3325853943824768,445.6666564941406,0.32148900628089905,131.3333282470703,0.26211100816726685,692.6666870117188,0.3054676353931427,1790.3333740234375,0.297165185213089,568.3333129882812,0.26803794503211975,3468.0,0.31569069623947144,296.0,0.31692513823509216,988.6666870117188,0.28190168738365173,1657.0,0.265262633562088,886.3333129882812,0.3045751750469208,425.0,0.2739337682723999,862.3333129882812,0.3208223879337311,1270.0,0.29299765825271606,1231.3333740234375,0.16773001849651337,2403.333251953125,0.15172718465328217,1762.6666259765625,0.30171260237693787,2575.666748046875,0.23804031312465668,1444.6666259765625,0.2708606421947479,1271.6666259765625,0.30077552795410156,1518.6666259765625,0.08201058208942413,10626.0,0.14861612021923065,4247.33349609375,0.33270910382270813,356.0,0.3323201537132263,109.66666412353516,0.33102917671203613,289.3333435058594,0.33250823616981506,134.6666717529297,0.3208955228328705,134.0,0.32899728417396545,205.0,0.33269840478897095,350.0,0.33208954334259033,178.6666717529297,0.3297927975654602,1914.3333740234375,0.33047211170196533,621.3333129882812,0.3295550048351288,264.6666564941406,0.33224400877952576,408.0,0.330715537071228,254.6666717529297,0.33074265718460083,257.3333435058594,0.33003300428390503,269.3333435058594,0.3260974586009979,230.3333282470703,0.32751938700675964,172.0,0.3323761522769928,464.3333435058594,0.3291953206062317,1987.0,0.33008965849876404,582.3333129882812,0.2460317462682724,0.8513064384460449,0.7863330245018005,0.9899284839630127,0.9549839496612549,73,87467,,
,0.9742135405540466,3878.0,0.9709372520446777,4129.0,0.9296635985374451,3597.0,0.9816814064979553,12228.0,0.9789330363273621,6598.0,0.9538826942443848,2949.0,0.9698443412780762,3084.0,0.9804195761680603,1430.0,0.9688892364501953,12118.0,0.9332161545753479,3414.0,0.0,0.0,0.0,0.0,0.0,0.0,0.0,0.0,0.0,0.0,0.0,0.0,0.0,0.0,0.0,0.0,0.0,0.0,0.0,0.0,0.0,0.0,0.0,0.0,0.0,0.0,0.0,0.0,0.0,0.0,0.0,0.0,0.0,0.0,0.0,0.0,0.0,0.0,0.0,0.0,0.9881737232208252,9555.0,0.9862926602363586,3137.0,0.97199547290802,7963.0,0.9800829887390137,3615.0,0.9613866806030273,3548.0,0.9693094491958618,5474.0,0.9867859482765198,9611.0,0.9812617301940918,4803.0,0.9688758850097656,51632.0,0.9690142273902893,17621.0,0.9807605147361755,6601.0,0.987381100654602,10302.0,0.9838096499443054,7103.0,0.9794893264770508,7167.0,0.9837762117385864,7150.0,0.9695131778717041,6265.0,0.9781718850135803,4398.0,0.9821938276290894,13310.0,0.9756296873092651,55149.0,0.9661806225776672,14607.0,,,,,,73,87467,0.9741399884223938,0.9296635985374451
0.5083006024360657,0.3318112790584564,146.0,0.32905980944633484,156.0,0.314031183719635,149.6666717529297,0.3056541383266449,469.6666564941406,0.3285440504550934,232.0,0.3204716145992279,103.66666412353516,0.3333333432674408,114.33333587646484,0.3333333432674408,55.33333206176758,0.3305908739566803,445.6666564941406,0.3045685291290283,131.3333282470703,0.24366378784179688,692.6666870117188,0.3018060028553009,1790.3333740234375,0.3085044026374817,568.3333129882812,0.1778162270784378,3468.0,0.3220720589160919,296.0,0.3235558569431305,988.6666870117188,0.28854021430015564,1657.0,0.2567381262779236,886.3333129882812,0.3171241879463196,425.0,0.28939568996429443,862.3333129882812,0.3246719241142273,1270.0,0.31203755736351013,1231.3333740234375,0.14100785553455353,2403.333251953125,0.15412254631519318,1762.6666259765625,0.3086579442024231,2575.666748046875,0.24757729470729828,1444.6666259765625,0.2777632176876068,1271.6666259765625,0.30670177936553955,1518.6666259765625,0.07277746498584747,10626.0,0.15340344607830048,4247.33349609375,0.33302122354507446,356.0,0.32826748490333557,109.66666412353516,0.32949307560920715,289.3333435058594,0.3316831588745117,134.6666717529297,0.326699823141098,134.0,0.3311653137207031,205.0,0.33301588892936707,350.0,0.33271142840385437,178.6666717529297,0.3248012065887451,1914.3333740234375,0.2995350658893585,621.3333129882812,0.32871535420417786,264.6666564941406,0.3311546742916107,408.0,0.3333333432674408,254.6666717529297,0.3333333432674408,257.3333435058594,0.3308580815792084,269.3333435058594,0.32320308685302734,230.3333282470703,0.32687339186668396,172.0,0.33070114254951477,464.3333435058594,0.25655651092529297,1987.0,0.3264644145965576,582.3333129882812,0.21833239495754242,0.775183379650116,0.5334486961364746,0.9385578036308289,0.7696695327758789,74,88649,,
,0.9765343070030212,3878.0,0.9697263240814209,4129.0,0.9263274669647217,3597.0,0.9800457954406738,12228.0,0.9798423647880554,6598.0,0.9491353034973145,2949.0,0.9682230949401855,3084.0,0.9804195761680603,1430.0,0.9699620604515076,12118.0,0.9317516088485718,3414.0,0.0,0.0,0.0,0.0,0.0,0.0,0.0,0.0,0.0,0.0,0.0,0.0,0.0,0.0,0.0,0.0,0.0,0.0,0.0,0.0,0.0,0.0,0.0,0.0,0.0,0.0,0.0,0.0,0.0,0.0,0.0,0.0,0.0,0.0,0.0,0.0,0.0,0.0,0.0,0.0,0.9856619834899902,9555.0,0.9862926602363586,3137.0,0.9701117873191833,7963.0,0.9839557409286499,3615.0,0.9647688865661621,3548.0,0.965107798576355,5474.0,0.9848091006278992,9611.0,0.9787632822990417,4803.0,0.9687016010284424,51632.0,0.9695249795913696,17621.0,0.9833358526229858,6601.0,0.9838865995407104,10302.0,0.9853582978248596,7103.0,0.978931188583374,7167.0,0.9855943918228149,7150.0,0.9675977826118469,6265.0,0.9809004068374634,4398.0,0.9812171459197998,13310.0,0.9751763343811035,55149.0,0.9659067392349243,14607.0,,,,,,74,88649,0.9736737608909607,0.9263274669647217
0.5937286615371704,0.3318112790584564,146.0,0.32977208495140076,156.0,0.3251670300960541,149.6666717529297,0.3321504592895508,469.6666564941406,0.33237549662590027,232.0,0.32368704676628113,103.66666412353516,0.3304179012775421,114.33333587646484,0.3333333432674408,55.33333206176758,0.33108949661254883,445.6666564941406,0.31979694962501526,131.3333282470703,0.2500801980495453,692.6666870117188,0.3052814304828644,1790.3333740234375,0.2940371334552765,568.3333129882812,0.24250288307666779,3468.0,0.3145645558834076,296.0,0.3146774470806122,988.6666870117188,0.2977938652038574,1657.0,0.24558104574680328,886.3333129882812,0.29856207966804504,425.0,0.2734183669090271,862.3333129882812,0.3253718316555023,1270.0,0.3060819208621979,1231.3333740234375,0.19472955167293549,2403.333251953125,0.15450075268745422,1762.6666259765625,0.3078814446926117,2575.666748046875,0.24242424964904785,1444.6666259765625,0.27820008993148804,1271.6666259765625,0.31255486607551575,1518.6666259765625,0.13634271919727325,10626.0,0.1554177850484848,4247.33349609375,0.33270910382270813,356.0,0.3333333432674408,109.66666412353516,0.3317972421646118,289.3333435058594,0.3316831588745117,134.6666717529297,0.32752901315689087,134.0,0.33224931359291077,205.0,0.3333333432674408,350.0,0.33208954334259033,178.6666717529297,0.33048930764198303,1914.3333740234375,0.33100858330726624,621.3333129882812,0.3295550048351288,264.6666564941406,0.3325163424015045,408.0,0.32373473048210144,254.6666717529297,0.3290155529975891,257.3333435058594,0.3287953734397888,269.3333435058594,0.3043897747993469,230.3333282470703,0.32751938700675964,172.0,0.331658273935318,464.3333435058594,0.3283006250858307,1987.0,0.33008965849876404,582.3333129882812,0.40902817249298096,0.8266387581825256,0.7275086641311646,0.9886472225189209,0.9131693243980408,75,89831,,
,0.9749870896339417,3878.0,0.9711794853210449,4129.0,0.9271615147590637,3597.0,0.9812725186347961,12228.0,0.9752955436706543,6598.0,0.9437097311019897,2949.0,0.9727626442909241,3084.0,0.9783216714859009,1430.0,0.9699620604515076,12118.0,0.9326303601264954,3414.0,0.0,0.0,0.0,0.0,0.0,0.0,0.0,0.0,0.0,0.0,0.0,0.0,0.0,0.0,0.0,0.0,0.0,0.0,0.0,0.0,0.0,0.0,0.0,0.0,0.0,0.0,0.0,0.0,0.0,0.0,0.0,0.0,0.0,0.0,0.0,0.0,0.0,0.0,0.0,0.0,0.986289918422699,9555.0,0.9856550693511963,3137.0,0.9693582653999329,7963.0,0.981189489364624,3615.0,0.9647688865661621,3548.0,0.9674826264381409,5474.0,0.9854333400726318,9611.0,0.9812617301940918,4803.0,0.9699411392211914,51632.0,0.9723057746887207,17621.0,0.9774276614189148,6601.0,0.9854397177696228,10302.0,0.9863438010215759,7103.0,0.9826985001564026,7167.0,0.9854545593261719,7150.0,0.9683958292007446,6265.0,0.9806730151176453,4398.0,0.9818181991577148,13310.0,0.9746686220169067,55149.0,0.9660436511039734,14607.0,,,,,,75,89831,0.9740507006645203,0.9271615147590637
0.5325910449028015,0.33028918504714966,146.0,0.3283475935459137,156.0,0.3251670300960541,149.6666717529297,0.33167731761932373,469.6666564941406,0.33141762018203735,232.0,0.32690247893333435,103.66666412353516,0.32944604754447937,114.33333587646484,0.3333333432674408,55.33333206176758,0.3325853943824768,445.6666564941406,0.3155668377876282,131.3333282470703,0.2505614459514618,692.6666870117188,0.30428847670555115,1790.3333740234375,0.2969696819782257,568.3333129882812,0.28386518359184265,3468.0,0.3123123049736023,296.0,0.3231063187122345,988.6666870117188,0.2874002456665039,1657.0,0.26927414536476135,886.3333129882812,0.3095424771308899,425.0,0.28050509095191956,862.3333129882812,0.3286963999271393,1270.0,0.31456413865089417,1231.3333740234375,0.16615810990333557,2403.333251953125,0.1555093377828598,1762.6666259765625,0.3126698434352875,2575.666748046875,0.24934625625610352,1444.6666259765625,0.28099605441093445,1271.6666259765625,0.3157740533351898,1518.6666259765625,0.08411234617233276,10626.0,0.15510384738445282,4247.33349609375,0.3333333432674408,356.0,0.33130699396133423,109.66666412353516,0.3306451737880707,289.3333435058594,0.3316831588745117,134.6666717529297,0.33250415325164795,134.0,0.3311653137207031,205.0,0.3333333432674408,350.0,0.33271142840385437,178.6666717529297,0.32857391238212585,1914.3333740234375,0.33100858330726624,621.3333129882812,0.3320738971233368,264.6666564941406,0.3325163424015045,408.0,0.33158811926841736,254.6666717529297,0.332038015127182,257.3333435058594,0.32962045073509216,269.3333435058594,0.33236855268478394,230.3333282470703,0.32687339186668396,172.0,0.332136869430542,464.3333435058594,0.328468382358551,1987.0,0.33028048276901245,582.3333129882812,0.2523370385169983,0.8694132566452026,0.751684308052063,0.9904350638389587,0.9467005133628845,76,91013,,
,0.9736977815628052,3878.0,0.976749837398529,4129.0,0.9352238178253174,3597.0,0.9817631840705872,12228.0,0.9783267378807068,6598.0,0.9440488219261169,2949.0,0.9714656472206116,3084.0,0.9790209531784058,1430.0,0.9697144627571106,12118.0,0.9364382028579712,3414.0,0.0,0.0,0.0,0.0,0.0,0.0,0.0,0.0,0.0,0.0,0.0,0.0,0.0,0.0,0.0,0.0,0.0,0.0,0.0,0.0,0.0,0.0,0.0,0.0,0.0,0.0,0.0,0.0,0.0,0.0,0.0,0.0,0.0,0.0,0.0,0.0,0.0,0.0,0.0,0.0,0.9878597855567932,9555.0,0.9878864884376526,3137.0,0.973125696182251,7963.0,0.9795297384262085,3615.0,0.9616685509681702,3548.0,0.9713189601898193,5474.0,0.9848091006278992,9611.0,0.9808453321456909,4803.0,0.9692051410675049,51632.0,0.9717382788658142,17621.0,0.9830328822135925,6601.0,0.9858279824256897,10302.0,0.9846543669700623,7103.0,0.9771173596382141,7167.0,0.9860140085220337,7150.0,0.9664804339408875,6265.0,0.97385174036026,4398.0,0.9800150394439697,13310.0,0.9755933880805969,55149.0,0.9674128890037537,14607.0,,,,,,76,91013,0.9743119478225708,0.9352238178253174
0.5931761264801025,0.3318112790584564,146.0,0.32977208495140076,156.0,0.32145509123802185,149.6666717529297,0.3314407467842102,469.6666564941406,0.3295018970966339,232.0,0.32690247893333435,103.66666412353516,0.33236151933670044,114.33333587646484,0.3333333432674408,55.33333206176758,0.33158811926841736,445.6666564941406,0.31895092129707336,131.3333282470703,0.2736605703830719,692.6666870117188,0.3112393915653229,1790.3333740234375,0.307331383228302,568.3333129882812,0.23923490941524506,3468.0,0.3171921968460083,296.0,0.31692513823509216,988.6666870117188,0.29947027564048767,1657.0,0.25297731161117554,886.3333129882812,0.30980393290519714,425.0,0.2721298635005951,862.3333129882812,0.3243219554424286,1270.0,0.30373579263687134,1231.3333740234375,0.18705500662326813,2403.333251953125,0.1509077101945877,1762.6666259765625,0.30684611201286316,2575.666748046875,0.24588525295257568,1444.6666259765625,0.27199649810791016,1271.6666259765625,0.3090430200099945,1518.6666259765625,0.14104816317558289,10626.0,0.15180766582489014,4247.33349609375,0.33208489418029785,356.0,0.3333333432674408,109.66666412353516,0.329877108335495,289.3333435058594,0.33250823616981506,134.6666717529297,0.32918739318847656,134.0,0.3333333432674408,205.0,0.3333333432674408,350.0,0.33208954334259033,178.6666717529297,0.32967671751976013,1914.3333740234375,0.3295779526233673,621.3333129882812,0.33123424649238586,264.6666564941406,0.33224400877952576,408.0,0.3285340368747711,254.6666717529297,0.33074265718460083,257.3333435058594,0.32838281989097595,269.3333435058594,0.32368549704551697,230.3333282470703,0.3255814015865326,172.0,0.3311797082424164,464.3333435058594,0.32578426599502563,1987.0,0.32932648062705994,582.3333129882812,0.42314448952674866,0.8367522358894348,0.717704713344574,0.9877830743789673,0.9568527936935425,77,92195,,
,0.9685404896736145,3878.0,0.9699684977531433,4129.0,0.931053638458252,3597.0,0.9834805130958557,12228.0,0.9796907901763916,6598.0,0.9430315494537354,2949.0,0.9721141457557678,3084.0,0.985314667224884,1430.0,0.9725202322006226,12118.0,0.9299941658973694,3414.0,0.0,0.0,0.0,0.0,0.0,0.0,0.0,0.0,0.0,0.0,0.0,0.0,0.0,0.0,0.0,0.0,0.0,0.0,0.0,0.0,0.0,0.0,0.0,0.0,0.0,0.0,0.0,0.0,0.0,0.0,0.0,0.0,0.0,0.0,0.0,0.0,0.0,0.0,0.0,0.0,0.9869178533554077,9555.0,0.99107426404953,3137.0,0.9745070934295654,7963.0,0.9814661145210266,3615.0,0.9630777835845947,3548.0,0.9680306911468506,5474.0,0.9833524227142334,9611.0,0.9833437204360962,4803.0,0.9699605107307434,51632.0,0.9718517661094666,17621.0,0.9800030589103699,6601.0,0.9855368137359619,10302.0,0.9839504361152649,7103.0,0.9820008277893066,7167.0,0.9855943918228149,7150.0,0.9707900881767273,6265.0,0.9768076539039612,4398.0,0.9797145128250122,13310.0,0.9755752682685852,55149.0,0.9667282700538635,14607.0,,,,,,77,92195,0.974513590335846,0.9299941658973694
0.549756646156311,0.32952815294265747,146.0,0.33190882205963135,156.0,0.32145509123802185,149.6666717529297,0.3302578628063202,469.6666564941406,0.33285441994667053,232.0,0.3279742896556854,103.66666412353516,0.3313896954059601,114.33333587646484,0.3333333432674408,55.33333206176758,0.3313388228416443,445.6666564941406,0.31895092129707336,131.3333282470703,0.2677253782749176,692.6666870117188,0.265065461397171,1790.3333740234375,0.31319648027420044,568.3333129882812,0.273933082818985,3468.0,0.31831833720207214,296.0,0.3247920870780945,988.6666870117188,0.2841815948486328,1657.0,0.2618778944015503,886.3333129882812,0.3139869272708893,425.0,0.28991109132766724,862.3333129882812,0.3255468010902405,1270.0,0.30499908328056335,1231.3333740234375,0.14905224740505219,2403.333251953125,0.15424861013889313,1762.6666259765625,0.3105991780757904,2575.666748046875,0.24788494408130646,1444.6666259765625,0.2774137258529663,1271.6666259765625,0.306189626455307,1518.6666259765625,0.10804734379053116,10626.0,0.15358656644821167,4247.33349609375,0.3333333432674408,356.0,0.33029380440711975,109.66666412353516,0.331413209438324,289.3333435058594,0.33250823616981506,134.6666717529297,0.3300165832042694,134.0,0.3327913284301758,205.0,0.33301588892936707,350.0,0.33271142840385437,178.6666717529297,0.32944455742836,1914.3333740234375,0.33100858330726624,621.3333129882812,0.3333333432674408,264.6666564941406,0.3311546742916107,408.0,0.3333333432674408,254.6666717529297,0.3333333432674408,257.3333435058594,0.3308580815792084,269.3333435058594,0.33092138171195984,230.3333282470703,0.32751938700675964,172.0,0.332615464925766,464.3333435058594,0.3269026577472687,1987.0,0.32760924100875854,582.3333129882812,0.3241420388221741,0.848269522190094,0.7856336832046509,0.9898390769958496,0.9568527936935425,78,93377,,
,0.9747292399406433,3878.0,0.9733591675758362,4129.0,0.9399499297142029,3597.0,0.9832351803779602,12228.0,0.9795392751693726,6598.0,0.9454052448272705,2949.0,0.9753566980361938,3084.0,0.9755244851112366,1430.0,0.967898964881897,12118.0,0.9282366633415222,3414.0,0.0,0.0,0.0,0.0,0.0,0.0,0.0,0.0,0.0,0.0,0.0,0.0,0.0,0.0,0.0,0.0,0.0,0.0,0.0,0.0,0.0,0.0,0.0,0.0,0.0,0.0,0.0,0.0,0.0,0.0,0.0,0.0,0.0,0.0,0.0,0.0,0.0,0.0,0.0,0.0,0.9880690574645996,9555.0,0.9885240793228149,3137.0,0.9707396626472473,7963.0,0.981189489364624,3615.0,0.9616685509681702,3548.0,0.9682133793830872,5474.0,0.9859535694122314,9611.0,0.9820945262908936,4803.0,0.9696893692016602,51632.0,0.9714545011520386,17621.0,0.9819724559783936,6601.0,0.987381100654602,10302.0,0.9852175116539001,7103.0,0.982279896736145,7167.0,0.985174834728241,7150.0,0.9664804339408875,6265.0,0.9761255383491516,4398.0,0.9825695157051086,13310.0,0.9746867418289185,55149.0,0.9676182866096497,14607.0,,,,,,78,93377,0.9744639992713928,0.9282366633415222
0.5264067649841309,0.3333333432674408,146.0,0.32977208495140076,156.0,0.31328877806663513,149.6666717529297,0.3255263864994049,469.6666564941406,0.32902297377586365,232.0,0.321543425321579,103.66666412353516,0.3333333432674408,114.33333587646484,0.3333333432674408,55.33333206176758,0.32959362864494324,445.6666564941406,0.3113367259502411,131.3333282470703,0.2768687903881073,692.6666870117188,0.2819462716579437,1790.3333740234375,0.30576735734939575,568.3333129882812,0.23920287191867828,3468.0,0.32057055830955505,296.0,0.32692739367485046,988.6666870117188,0.2593039572238922,1657.0,0.25360411405563354,886.3333129882812,0.3132026195526123,425.0,0.3011209964752197,862.3333129882812,0.32843396067619324,1270.0,0.3183540999889374,1231.3333740234375,0.14373554289340973,2403.333251953125,0.15683308243751526,1762.6666259765625,0.31702688336372375,2575.666748046875,0.25057682394981384,1444.6666259765625,0.28318044543266296,1271.6666259765625,0.31928592920303345,1518.6666259765625,0.08087082207202911,10626.0,0.1556008905172348,4247.33349609375,0.3333333432674408,356.0,0.32826748490333557,109.66666412353516,0.329877108335495,289.3333435058594,0.33250823616981506,134.6666717529297,0.3316749632358551,134.0,0.33224931359291077,205.0,0.33301588892936707,350.0,0.33084577322006226,178.6666717529297,0.3236984312534332,1914.3333740234375,0.32939913868904114,621.3333129882812,0.3333333432674408,264.6666564941406,0.33169934153556824,408.0,0.3333333432674408,254.6666717529297,0.33246979117393494,257.3333435058594,0.3308580815792084,269.3333435058594,0.33236855268478394,230.3333282470703,0.328811377286911,172.0,0.332615464925766,464.3333435058594,0.32729408144950867,1987.0,0.327990859746933,582.3333129882812,0.24261246621608734,0.8161528706550598,0.717608630657196,0.9851012825965881,0.9340101480484009,79,94559,,
,0.9731820821762085,3878.0,0.974570095539093,4129.0,0.9285515546798706,3597.0,0.9832351803779602,12228.0,0.9806001782417297,6598.0,0.9508308172225952,2949.0,0.9698443412780762,3084.0,0.9804195761680603,1430.0,0.9687241911888123,12118.0,0.9335090517997742,3414.0,0.0,0.0,0.0,0.0,0.0,0.0,0.0,0.0,0.0,0.0,0.0,0.0,0.0,0.0,0.0,0.0,0.0,0.0,0.0,0.0,0.0,0.0,0.0,0.0,0.0,0.0,0.0,0.0,0.0,0.0,0.0,0.0,0.0,0.0,0.0,0.0,0.0,0.0,0.0,0.0,0.9873364567756653,9555.0,0.9882053136825562,3137.0,0.971367597579956,7963.0,0.9831258654594421,3615.0,0.9602593183517456,3548.0,0.9711362719535828,5474.0,0.986369788646698,9611.0,0.9839683771133423,4803.0,0.9698636531829834,51632.0,0.9729867577552795,17621.0,0.9842448234558105,6601.0,0.9866045713424683,10302.0,0.9869069457054138,7103.0,0.9818612933158875,7167.0,0.9876922965049744,7150.0,0.9706304669380188,6265.0,0.9802182912826538,4398.0,0.9833959341049194,13310.0,0.9757747054100037,55149.0,0.9700143933296204,14607.0,,,,,,79,94559,0.9752807021141052,0.9285515546798706
0.5226796865463257,0.3318112790584564,146.0,0.3304843306541443,156.0,0.32145509123802185,149.6666717529297,0.3304944336414337,469.6666564941406,0.33237549662590027,232.0,0.3279742896556854,103.66666412353516,0.3333333432674408,114.33333587646484,0.3333333432674408,55.33333206176758,0.33108949661254883,445.6666564941406,0.32148900628089905,131.3333282470703,0.267564982175827,692.6666870117188,0.2820083200931549,1790.3333740234375,0.3165200352668762,568.3333129882812,0.15997052192687988,3468.0,0.31794294714927673,296.0,0.32670262455940247,988.6666870117188,0.24455173313617706,1657.0,0.2468346506357193,886.3333129882812,0.3105882406234741,425.0,0.2966112792491913,862.3333129882812,0.3286089301109314,1270.0,0.3144739270210266,1231.3333740234375,0.14655570685863495,2403.333251953125,0.1564548760652542,1762.6666259765625,0.3146111071109772,2575.666748046875,0.25042301416397095,1444.6666259765625,0.2817824184894562,1271.6666259765625,0.3121890723705292,1518.6666259765625,0.07897818833589554,10626.0,0.15615026652812958,4247.33349609375,0.33302122354507446,356.0,0.3333333432674408,109.66666412353516,0.331413209438324,289.3333435058594,0.33250823616981506,134.6666717529297,0.3300165832042694,134.0,0.33224931359291077,205.0,0.3333333432674408,350.0,0.33271142840385437,178.6666717529297,0.3302571177482605,1914.3333740234375,0.33154505491256714,621.3333129882812,0.33291351795196533,264.6666564941406,0.3314270079135895,408.0,0.33289703726768494,254.6666717529297,0.3333333432674408,257.3333435058594,0.3304455578327179,269.3333435058594,0.329956591129303,230.3333282470703,0.32751938700675964,172.0,0.33070114254951477,464.3333435058594,0.3225409686565399,1987.0,0.3289448618888855,582.3333129882812,0.23693455755710602,0.7358468770980835,0.47991156578063965,0.9880810379981995,0.9643652439117432,80,95741,,
,0.9731820821762085,3878.0,0.974570095539093,4129.0,0.9352238178253174,3597.0,0.9820085167884827,12228.0,0.9818126559257507,6598.0,0.9474397897720337,2949.0,0.9737353920936584,3084.0,0.9839161038398743,1430.0,0.967898964881897,12118.0,0.9270650148391724,3414.0,0.0,0.0,0.0,0.0,0.0,0.0,0.0,0.0,0.0,0.0,0.0,0.0,0.0,0.0,0.0,0.0,0.0,0.0,0.0,0.0,0.0,0.0,0.0,0.0,0.0,0.0,0.0,0.0,0.0,0.0,0.0,0.0,0.0,0.0,0.0,0.0,0.0,0.0,0.0,0.0,0.9883830547332764,9555.0,0.987248957157135,3137.0,0.9703629016876221,7963.0,0.9762102365493774,3615.0,0.9689966440200806,3548.0,0.9667519330978394,5474.0,0.9881386160850525,9611.0,0.9862585663795471,4803.0,0.9706577062606812,51632.0,0.9733272790908813,17621.0,0.9842448234558105,6601.0,0.9865074753761292,10302.0,0.9850767254829407,7103.0,0.9804660081863403,7167.0,0.9860140085220337,7150.0,0.9699920415878296,6265.0,0.9774897694587708,4398.0,0.9807663559913635,13310.0,0.975702166557312,55149.0,0.9676867127418518,14607.0,,,,,,80,95741,0.9750261306762695,0.9270650148391724
0.5017518401145935,0.3325723111629486,146.0,0.33190882205963135,156.0,0.3147735893726349,149.6666717529297,0.31984859704971313,469.6666564941406,0.3285440504550934,232.0,0.3258306682109833,103.66666412353516,0.3333333432674408,114.33333587646484,0.3333333432674408,55.33333206176758,0.3290949761867523,445.6666564941406,0.312182754278183,131.3333282470703,0.27398139238357544,692.6666870117188,0.2721405029296875,1790.3333740234375,0.31319648027420044,568.3333129882812,0.22728437185287476,3468.0,0.3168168365955353,296.0,0.3215329349040985,988.6666870117188,0.22275866568088531,1657.0,0.24056662619113922,886.3333129882812,0.31294116377830505,425.0,0.29171499609947205,862.3333129882812,0.3184601962566376,1270.0,0.2804547846317291,1231.3333740234375,0.14387424290180206,2403.333251953125,0.14523449540138245,1762.6666259765625,0.29821836948394775,2575.666748046875,0.240270733833313,1444.6666259765625,0.2670161724090576,1271.6666259765625,0.2840942442417145,1518.6666259765625,0.08288893103599548,10626.0,0.14673258364200592,4247.33349609375,0.33302122354507446,356.0,0.33130699396133423,109.66666412353516,0.3291090726852417,289.3333435058594,0.3316831588745117,134.6666717529297,0.32587066292762756,134.0,0.33170732855796814,205.0,0.3333333432674408,350.0,0.33271142840385437,178.6666717529297,0.32805153727531433,1914.3333740234375,0.3258226215839386,621.3333129882812,0.33165407180786133,264.6666564941406,0.3300653398036957,408.0,0.3324607312679291,254.6666717529297,0.33290156722068787,257.3333435058594,0.3292079269886017,269.3333435058594,0.327544629573822,230.3333282470703,0.328811377286911,172.0,0.3208901584148407,464.3333435058594,0.31040653586387634,1987.0,0.3270368278026581,582.3333129882812,0.24866679310798645,0.7791656851768494,0.6682760119438171,0.974702000617981,0.9312195777893066,81,96923,,
,0.9700876474380493,3878.0,0.9765076041221619,4129.0,0.9380038976669312,3597.0,0.9816814064979553,12228.0,0.9784783124923706,6598.0,0.9532044529914856,2949.0,0.9717898964881897,3084.0,0.9804195761680603,1430.0,0.9714474081993103,12118.0,0.9332161545753479,3414.0,0.0,0.0,0.0,0.0,0.0,0.0,0.0,0.0,0.0,0.0,0.0,0.0,0.0,0.0,0.0,0.0,0.0,0.0,0.0,0.0,0.0,0.0,0.0,0.0,0.0,0.0,0.0,0.0,0.0,0.0,0.0,0.0,0.0,0.0,0.0,0.0,0.0,0.0,0.0,0.0,0.9886969923973083,9555.0,0.9856550693511963,3137.0,0.9703629016876221,7963.0,0.981189489364624,3615.0,0.9633596539497375,3548.0,0.9704055786132812,5474.0,0.9857454895973206,9611.0,0.9843847751617432,4803.0,0.9697086811065674,51632.0,0.9724760055541992,17621.0,0.9827299118041992,6601.0,0.9869928359985352,10302.0,0.9829649329185486,7103.0,0.9818612933158875,7167.0,0.9827972054481506,7150.0,0.9683958292007446,6265.0,0.9761255383491516,4398.0,0.9818181991577148,13310.0,0.9765906929969788,55149.0,0.9690559506416321,14607.0,,,,,,81,96923,0.9750393629074097,0.9332161545753479
0.5417499542236328,0.3318112790584564,146.0,0.3333333432674408,156.0,0.32219746708869934,149.6666717529297,0.3312041461467743,469.6666564941406,0.33237549662590027,232.0,0.3290461003780365,103.66666412353516,0.3333333432674408,114.33333587646484,0.3333333432674408,55.33333206176758,0.3318374454975128,445.6666564941406,0.32402709126472473,131.3333282470703,0.2698107063770294,692.6666870117188,0.2638242542743683,1790.3333740234375,0.31085044145584106,568.3333129882812,0.27293989062309265,3468.0,0.314939945936203,296.0,0.3218700885772705,988.6666870117188,0.28867432475090027,1657.0,0.2500940263271332,886.3333129882812,0.3121568560600281,425.0,0.29119959473609924,862.3333129882812,0.3251968324184418,1270.0,0.30274319648742676,1231.3333740234375,0.15792880952358246,2403.333251953125,0.15349218249320984,1762.6666259765625,0.30883049964904785,2575.666748046875,0.24688510596752167,1444.6666259765625,0.27828747034072876,1271.6666259765625,0.3050190210342407,1518.6666259765625,0.10025722533464432,10626.0,0.1528802365064621,4247.33349609375,0.3323970139026642,356.0,0.3333333432674408,109.66666412353516,0.33218124508857727,289.3333435058594,0.33250823616981506,134.6666717529297,0.3283582031726837,134.0,0.33224931359291077,205.0,0.33301588892936707,350.0,0.3333333432674408,178.6666717529297,0.33048930764198303,1914.3333740234375,0.33082976937294006,621.3333129882812,0.33291351795196533,264.6666564941406,0.33169934153556824,408.0,0.3320244252681732,254.6666717529297,0.33290156722068787,257.3333435058594,0.3304455578327179,269.3333435058594,0.32947418093681335,230.3333282470703,0.3301033675670624,172.0,0.3323761522769928,464.3333435058594,0.329363077878952,1987.0,0.32856324315071106,582.3333129882812,0.30077168345451355,0.8451467156410217,0.7502820491790771,0.9922824501991272,0.9665924310684204,82,98105,,
,0.9708612561225891,3878.0,0.9738435745239258,4129.0,0.9268835186958313,3597.0,0.9833987355232239,12228.0,0.9801455140113831,6598.0,0.9504916667938232,2949.0,0.9714656472206116,3084.0,0.9825174808502197,1430.0,0.9695494174957275,12118.0,0.9308728575706482,3414.0,0.0,0.0,0.0,0.0,0.0,0.0,0.0,0.0,0.0,0.0,0.0,0.0,0.0,0.0,0.0,0.0,0.0,0.0,0.0,0.0,0.0,0.0,0.0,0.0,0.0,0.0,0.0,0.0,0.0,0.0,0.0,0.0,0.0,0.0,0.0,0.0,0.0,0.0,0.0,0.0,0.9896389245986938,9555.0,0.987248957157135,3137.0,0.9730001091957092,7963.0,0.9806362390518188,3615.0,0.9664599895477295,3548.0,0.971867024898529,5474.0,0.9872021675109863,9611.0,0.9833437204360962,4803.0,0.9704253077507019,51632.0,0.9738947749137878,17621.0,0.9825783967971802,6601.0,0.9847602248191833,10302.0,0.9845135807991028,7103.0,0.9824194312095642,7167.0,0.9862937331199646,7150.0,0.9671189188957214,6265.0,0.9802182912826538,4398.0,0.9827948808670044,13310.0,0.9761736392974854,55149.0,0.9696035981178284,14607.0,,,,,,82,98105,0.9753501415252686,0.9268835186958313
0.601100504398346,0.3333333432674408,146.0,0.33190882205963135,156.0,0.32145509123802185,149.6666717529297,0.3314407467842102,469.6666564941406,0.3318965435028076,232.0,0.32690247893333435,103.66666412353516,0.3333333432674408,114.33333587646484,0.3333333432674408,55.33333206176758,0.33233606815338135,445.6666564941406,0.31979694962501526,131.3333282470703,0.26692333817481995,692.6666870117188,0.29386210441589355,1790.3333740234375,0.30068424344062805,568.3333129882812,0.3057798445224762,3468.0,0.3130630552768707,296.0,0.3144526779651642,988.6666870117188,0.3048346936702728,1657.0,0.2558605968952179,886.3333129882812,0.29986926913261414,425.0,0.2731606662273407,862.3333129882812,0.3184601962566376,1270.0,0.29317811131477356,1231.3333740234375,0.20429958403110504,2403.333251953125,0.15015128254890442,1762.6666259765625,0.29856348037719727,2575.666748046875,0.24227041006088257,1444.6666259765625,0.268414169549942,1271.6666259765625,0.29967808723449707,1518.6666259765625,0.1510968953371048,10626.0,0.15034270286560059,4247.33349609375,0.3333333432674408,356.0,0.3323201537132263,109.66666412353516,0.33026114106178284,289.3333435058594,0.33250823616981506,134.6666717529297,0.3316749632358551,134.0,0.33224931359291077,205.0,0.3333333432674408,350.0,0.33271142840385437,178.6666717529297,0.3283417522907257,1914.3333740234375,0.3301144540309906,621.3333129882812,0.3257766664028168,264.6666564941406,0.3188997805118561,408.0,0.31064572930336,254.6666717529297,0.3242659866809845,257.3333435058594,0.32425743341445923,269.3333435058594,0.28798842430114746,230.3333282470703,0.31136950850486755,172.0,0.32639387249946594,464.3333435058594,0.32824471592903137,1987.0,0.32837244868278503,582.3333129882812,0.45045384764671326,0.8872048854827881,0.7675818204879761,0.9817044138908386,0.8639652729034424,83,99287,,
,0.9724084734916687,3878.0,0.9765076041221619,4129.0,0.9335557222366333,3597.0,0.9833987355232239,12228.0,0.9806001782417297,6598.0,0.9471006989479065,2949.0,0.9675745964050293,3084.0,0.9783216714859009,1430.0,0.9716124534606934,12118.0,0.9311658143997192,3414.0,0.0,0.0,0.0,0.0,0.0,0.0,0.0,0.0,0.0,0.0,0.0,0.0,0.0,0.0,0.0,0.0,0.0,0.0,0.0,0.0,0.0,0.0,0.0,0.0,0.0,0.0,0.0,0.0,0.0,0.0,0.0,0.0,0.0,0.0,0.0,0.0,0.0,0.0,0.0,0.0,0.9860805869102478,9555.0,0.9853363037109375,3137.0,0.9750094413757324,7963.0,0.9845089912414551,3615.0,0.9647688865661621,3548.0,0.9711362719535828,5474.0,0.9855374097824097,9611.0,0.9787632822990417,4803.0,0.9721878170967102,51632.0,0.973611056804657,17621.0,0.9863656759262085,6601.0,0.9850514531135559,10302.0,0.9850767254829407,7103.0,0.9852100014686584,7167.0,0.9860140085220337,7150.0,0.9701516628265381,6265.0,0.9781718850135803,4398.0,0.9812922477722168,13310.0,0.9757384657859802,55149.0,0.9700143933296204,14607.0,,,,,,83,99287,0.9756543636322021,0.9311658143997192
0.517577052116394,0.3333333432674408,146.0,0.33190882205963135,156.0,0.3229398727416992,149.6666717529297,0.3304944336414337,469.6666564941406,0.3318965435028076,232.0,0.3290461003780365,103.66666412353516,0.33236151933670044,114.33333587646484,0.3333333432674408,55.33333206176758,0.3320867717266083,445.6666564941406,0.31979694962501526,131.3333282470703,0.25665703415870667,692.6666870117188,0.30217835307121277,1790.3333740234375,0.31221896409988403,568.3333129882812,0.19870562851428986,3468.0,0.31569069623947144,296.0,0.31861093640327454,988.6666870117188,0.2929658591747284,1657.0,0.2648865580558777,886.3333129882812,0.31294116377830505,425.0,0.28153589367866516,862.3333129882812,0.32729658484458923,1270.0,0.3109547197818756,1231.3333740234375,0.1631530374288559,2403.333251953125,0.15393343567848206,1762.6666259765625,0.31241104006767273,2575.666748046875,0.24850022792816162,1444.6666259765625,0.27872434258461,1271.6666259765625,0.3149692714214325,1518.6666259765625,0.07292385399341583,10626.0,0.15492074191570282,4247.33349609375,0.33302122354507446,356.0,0.3323201537132263,109.66666412353516,0.3306451737880707,289.3333435058594,0.33250823616981506,134.6666717529297,0.3316749632358551,134.0,0.33224931359291077,205.0,0.3333333432674408,350.0,0.3333333432674408,178.6666717529297,0.3286319673061371,1914.3333740234375,0.33047211170196533,621.3333129882812,0.3320738971233368,264.6666564941406,0.33224400877952576,408.0,0.33289703726768494,254.6666717529297,0.3333333432674408,257.3333435058594,0.3308580815792084,269.3333435058594,0.33236855268478394,230.3333282470703,0.3301033675670624,172.0,0.3318975865840912,464.3333435058594,0.31957724690437317,1987.0,0.3306621015071869,582.3333129882812,0.2187715619802475,0.7966995239257812,0.5961169004440308,0.9864422082901001,0.9587317705154419,84,100469,,
,0.9757606983184814,3878.0,0.9721482396125793,4129.0,0.9368918538093567,3597.0,0.9826627373695374,12228.0,0.9815095663070679,6598.0,0.9477788805961609,2949.0,0.9734111428260803,3084.0,0.9748252034187317,1430.0,0.9730153679847717,12118.0,0.9326303601264954,3414.0,0.0,0.0,0.0,0.0,0.0,0.0,0.0,0.0,0.0,0.0,0.0,0.0,0.0,0.0,0.0,0.0,0.0,0.0,0.0,0.0,0.0,0.0,0.0,0.0,0.0,0.0,0.0,0.0,0.0,0.0,0.0,0.0,0.0,0.0,0.0,0.0,0.0,0.0,0.0,0.0,0.987964391708374,9555.0,0.9894803762435913,3137.0,0.9704884886741638,7963.0,0.9845089912414551,3615.0,0.9664599895477295,3548.0,0.9716843366622925,5474.0,0.9862657189369202,9611.0,0.9841765761375427,4803.0,0.9712000489234924,51632.0,0.9715112447738647,17621.0,0.9840933084487915,6601.0,0.9854397177696228,10302.0,0.9850767254829407,7103.0,0.9814427495002747,7167.0,0.9861538410186768,7150.0,0.9696727991104126,6265.0,0.9809004068374634,4398.0,0.9821938276290894,13310.0,0.9762824177742004,55149.0,0.9690559506416321,14607.0,,,,,,84,100469,0.9756212830543518,0.9326303601264954
0.562289834022522,0.3280060887336731,146.0,0.3304843306541443,156.0,0.3273942172527313,149.6666717529297,0.3314407467842102,469.6666564941406,0.33141762018203735,232.0,0.31832799315452576,103.66666412353516,0.32944604754447937,114.33333587646484,0.3333333432674408,55.33333206176758,0.33158811926841736,445.6666564941406,0.32064297795295715,131.3333282470703,0.24109721183776855,692.6666870117188,0.3103705048561096,1790.3333740234375,0.3176930546760559,568.3333129882812,0.2683262825012207,3468.0,0.3220720589160919,296.0,0.31962236762046814,988.6666870117188,0.293099969625473,1657.0,0.27867618203163147,886.3333129882812,0.31346404552459717,425.0,0.26929518580436707,862.3333129882812,0.3291338384151459,1270.0,0.32322683930397034,1231.3333740234375,0.15714286267757416,2403.333251953125,0.15784165263175964,1762.6666259765625,0.3165523409843445,2575.666748046875,0.2508075535297394,1444.6666259765625,0.2825688123703003,1271.6666259765625,0.320017546415329,1518.6666259765625,0.10858062654733658,10626.0,0.15662114322185516,4247.33349609375,0.33114856481552124,356.0,0.3333333432674408,109.66666412353516,0.3306451737880707,289.3333435058594,0.3316831588745117,134.6666717529297,0.32504144310951233,134.0,0.33170732855796814,205.0,0.33301588892936707,350.0,0.33208954334259033,178.6666717529297,0.3307214677333832,1914.3333740234375,0.32975679636001587,621.3333129882812,0.33123424649238586,264.6666564941406,0.33224400877952576,408.0,0.33289703726768494,254.6666717529297,0.33290156722068787,257.3333435058594,0.33127063512802124,269.3333435058594,0.3318861424922943,230.3333282470703,0.3281653821468353,172.0,0.332615464925766,464.3333435058594,0.32483363151550293,1987.0,0.32741841673851013,582.3333129882812,0.32574188709259033,0.8620501756668091,0.7232916355133057,0.9886472225189209,0.9549839496612549,85,101651,,
,0.9778236150741577,3878.0,0.9738435745239258,4129.0,0.9366138577461243,3597.0,0.9824174046516418,12228.0,0.9784783124923706,6598.0,0.9471006989479065,2949.0,0.9698443412780762,3084.0,0.9818181991577148,1430.0,0.9730153679847717,12118.0,0.9343878030776978,3414.0,0.0,0.0,0.0,0.0,0.0,0.0,0.0,0.0,0.0,0.0,0.0,0.0,0.0,0.0,0.0,0.0,0.0,0.0,0.0,0.0,0.0,0.0,0.0,0.0,0.0,0.0,0.0,0.0,0.0,0.0,0.0,0.0,0.0,0.0,0.0,0.0,0.0,0.0,0.0,0.0,0.9875457882881165,9555.0,0.987248957157135,3137.0,0.9746326804161072,7963.0,0.9845089912414551,3615.0,0.9689966440200806,3548.0,0.9735111594200134,5474.0,0.9884507060050964,9611.0,0.9839683771133423,4803.0,0.9720134735107422,51632.0,0.9741785526275635,17621.0,0.9840933084487915,6601.0,0.984177827835083,10302.0,0.9843727946281433,7103.0,0.9839542508125305,7167.0,0.9864335656166077,7150.0,0.9720670580863953,6265.0,0.9797635078430176,4398.0,0.9835461974143982,13310.0,0.9768445491790771,55149.0,0.968302845954895,14607.0,,,,,,85,101651,0.9762627482414246,0.9343878030776978
0.5603734254837036,0.3325723111629486,146.0,0.33190882205963135,156.0,0.3244246542453766,149.6666717529297,0.33191388845443726,469.6666564941406,0.33237549662590027,232.0,0.3279742896556854,103.66666412353516,0.3313896954059601,114.33333587646484,0.32931727170944214,55.33333206176758,0.3313388228416443,445.6666564941406,0.31979694962501526,131.3333282470703,0.26002565026283264,692.6666870117188,0.2981443703174591,1790.3333740234375,0.29012706875801086,568.3333129882812,0.26121363043785095,3468.0,0.3126876950263977,296.0,0.31782421469688416,988.6666870117188,0.2910883128643036,1657.0,0.24721072614192963,886.3333129882812,0.30169934034347534,425.0,0.2861744463443756,862.3333129882812,0.32685914635658264,1270.0,0.31312039494514465,1231.3333740234375,0.20503930747509003,2403.333251953125,0.1565179079771042,1762.6666259765625,0.3148268163204193,2575.666748046875,0.24819259345531464,1444.6666259765625,0.2836172878742218,1271.6666259765625,0.3127743601799011,1518.6666259765625,0.1002049446105957,10626.0,0.15458065271377563,4247.33349609375,0.33302122354507446,356.0,0.3323201537132263,109.66666412353516,0.33102917671203613,289.3333435058594,0.3308580815792084,134.6666717529297,0.3283582031726837,134.0,0.33170732855796814,205.0,0.33269840478897095,350.0,0.3314676582813263,178.6666717529297,0.32921236753463745,1914.3333740234375,0.3302932679653168,621.3333129882812,0.3215785026550293,264.6666564941406,0.323801726102829,408.0,0.2966841161251068,254.6666717529297,0.32512953877449036,257.3333435058594,0.320544570684433,269.3333435058594,0.2807525396347046,230.3333282470703,0.3055555522441864,172.0,0.3216080367565155,464.3333435058594,0.327349990606308,1987.0,0.32856324315071106,582.3333129882812,0.3006148338317871,0.8426254987716675,0.7416321635246277,0.979171633720398,0.8422576189041138,86,102833,,
,0.9742135405540466,3878.0,0.9798982739448547,4129.0,0.9432860612869263,3597.0,0.9835622906684875,12228.0,0.9793877005577087,6598.0,0.9582909345626831,2949.0,0.9753566980361938,3084.0,0.9797202944755554,1430.0,0.9747483134269714,12118.0,0.9329232573509216,3414.0,0.0,0.0,0.0,0.0,0.0,0.0,0.0,0.0,0.0,0.0,0.0,0.0,0.0,0.0,0.0,0.0,0.0,0.0,0.0,0.0,0.0,0.0,0.0,0.0,0.0,0.0,0.0,0.0,0.0,0.0,0.0,0.0,0.0,0.0,0.0,0.0,0.0,0.0,0.0,0.0,0.9890109896659851,9555.0,0.9882053136825562,3137.0,0.9735024571418762,7963.0,0.9831258654594421,3615.0,0.9681510925292969,3548.0,0.9733284711837769,5474.0,0.9869940876960754,9611.0,0.9860503673553467,4803.0,0.9710257053375244,51632.0,0.972419261932373,17621.0,0.9846993088722229,6601.0,0.9876722693443298,10302.0,0.9864845871925354,7103.0,0.9836751818656921,7167.0,0.9879720211029053,7150.0,0.9701516628265381,6265.0,0.9804456830024719,4398.0,0.9830203056335449,13310.0,0.9770439863204956,55149.0,0.9698089957237244,14607.0,,,,,,86,102833,0.9766330718994141,0.9329232573509216
0.5948456525802612,0.3264840245246887,146.0,0.3262108266353607,156.0,0.32145509123802185,149.6666717529297,0.33073100447654724,469.6666564941406,0.3304597735404968,232.0,0.31511253118515015,103.66666412353516,0.32458698749542236,114.33333587646484,0.3333333432674408,55.33333206176758,0.33108949661254883,445.6666564941406,0.30287647247314453,131.3333282470703,0.25136348605155945,692.6666870117188,0.3129771053791046,1790.3333740234375,0.2899315655231476,568.3333129882812,0.24256695806980133,3468.0,0.30630630254745483,296.0,0.3128792941570282,988.6666870117188,0.29786092042922974,1657.0,0.27466467022895813,886.3333129882812,0.29908496141433716,425.0,0.2647854685783386,862.3333129882812,0.324584424495697,1270.0,0.3071647584438324,1231.3333740234375,0.20721220970153809,2403.333251953125,0.1550050526857376,1762.6666259765625,0.30719122290611267,2575.666748046875,0.2425011545419693,1444.6666259765625,0.2774137258529663,1271.6666259765625,0.31057944893836975,1518.6666259765625,0.13514022529125214,10626.0,0.15489457547664642,4247.33349609375,0.3308364450931549,356.0,0.3333333432674408,109.66666412353516,0.32258063554763794,289.3333435058594,0.3292079269886017,134.6666717529297,0.32006633281707764,134.0,0.3273712694644928,205.0,0.33174601197242737,350.0,0.3302238881587982,178.6666717529297,0.3282836973667145,1914.3333740234375,0.3243919909000397,621.3333129882812,0.32619646191596985,264.6666564941406,0.33033767342567444,408.0,0.31675392389297485,254.6666717529297,0.32815197110176086,257.3333435058594,0.32714521884918213,269.3333435058594,0.30004823207855225,230.3333282470703,0.3262273967266083,172.0,0.32926538586616516,464.3333435058594,0.3286920487880707,1987.0,0.3291356563568115,582.3333129882812,0.4054206609725952,0.8336007595062256,0.7277008891105652,0.981138288974762,0.9001446962356567,87,104015,,
,0.9765343070030212,3878.0,0.9801404476165771,4129.0,0.9338337779045105,3597.0,0.981354296207428,12228.0,0.9799939393997192,6598.0,0.952187180519104,2949.0,0.9701685905456543,3084.0,0.9769230484962463,1430.0,0.9730153679847717,12118.0,0.9335090517997742,3414.0,0.0,0.0,0.0,0.0,0.0,0.0,0.0,0.0,0.0,0.0,0.0,0.0,0.0,0.0,0.0,0.0,0.0,0.0,0.0,0.0,0.0,0.0,0.0,0.0,0.0,0.0,0.0,0.0,0.0,0.0,0.0,0.0,0.0,0.0,0.0,0.0,0.0,0.0,0.0,0.0,0.9868131875991821,9555.0,0.9875677227973938,3137.0,0.973628044128418,7963.0,0.977869987487793,3615.0,0.9673055410385132,3548.0,0.9683960676193237,5474.0,0.9862657189369202,9611.0,0.9833437204360962,4803.0,0.9714711904525757,51632.0,0.973951518535614,17621.0,0.9816694259643555,6601.0,0.987381100654602,10302.0,0.9856398701667786,7103.0,0.9832565784454346,7167.0,0.9850349426269531,7150.0,0.9720670580863953,6265.0,0.9811277985572815,4398.0,0.98362135887146,13310.0,0.9767720103263855,55149.0,0.9703567028045654,14607.0,,,,,,87,104015,0.9760313034057617,0.9335090517997742
0.6207467913627625,0.3264840245246887,146.0,0.3304843306541443,156.0,0.320712685585022,149.6666717529297,0.3323870301246643,469.6666564941406,0.3318965435028076,232.0,0.321543425321579,103.66666412353516,0.32750242948532104,114.33333587646484,0.32931727170944214,55.33333206176758,0.3313388228416443,445.6666564941406,0.3130287826061249,131.3333282470703,0.26098814606666565,692.6666870117188,0.2758021652698517,1790.3333740234375,0.3051808476448059,568.3333129882812,0.2606048882007599,3468.0,0.31156155467033386,296.0,0.31714990735054016,988.6666870117188,0.2905518710613251,1657.0,0.2305377870798111,886.3333129882812,0.3077124059200287,425.0,0.2756088078022003,862.3333129882812,0.3270341157913208,1270.0,0.311315655708313,1231.3333740234375,0.2041146606206894,2403.333251953125,0.15368129312992096,1762.6666259765625,0.30839911103248596,2575.666748046875,0.24750037491321564,1444.6666259765625,0.274967223405838,1271.6666259765625,0.3137986361980438,1518.6666259765625,0.15670159459114075,10626.0,0.15609794855117798,4247.33349609375,0.3323970139026642,356.0,0.3333333432674408,109.66666412353516,0.33218124508857727,289.3333435058594,0.33003300428390503,134.6666717529297,0.32918739318847656,134.0,0.32953929901123047,205.0,0.33301588892936707,350.0,0.3333333432674408,178.6666717529297,0.3308955729007721,1914.3333740234375,0.33100858330726624,621.3333129882812,0.33291351795196533,264.6666564941406,0.33224400877952576,408.0,0.3311518132686615,254.6666717529297,0.33074265718460083,257.3333435058594,0.3316831588745117,269.3333435058594,0.3285094201564789,230.3333282470703,0.3301033675670624,172.0,0.332615464925766,464.3333435058594,0.32953083515167236,1987.0,0.3289448618888855,582.3333129882812,0.4610438644886017,0.8281572461128235,0.6916133761405945,0.9912097454071045,0.9390863180160522,88,105197,,
,0.9757606983184814,3878.0,0.9757810831069946,4129.0,0.938559889793396,3597.0,0.9826627373695374,12228.0,0.9819642305374146,6598.0,0.9487962126731873,2949.0,0.9717898964881897,3084.0,0.9811188578605652,1430.0,0.9724376797676086,12118.0,0.9276508688926697,3414.0,0.0,0.0,0.0,0.0,0.0,0.0,0.0,0.0,0.0,0.0,0.0,0.0,0.0,0.0,0.0,0.0,0.0,0.0,0.0,0.0,0.0,0.0,0.0,0.0,0.0,0.0,0.0,0.0,0.0,0.0,0.0,0.0,0.0,0.0,0.0,0.0,0.0,0.0,0.0,0.0,0.9883830547332764,9555.0,0.9907554984092712,3137.0,0.9733768701553345,7963.0,0.9834024906158447,3615.0,0.9644870162010193,3548.0,0.9700402021408081,5474.0,0.9864738583564758,9611.0,0.9862585663795471,4803.0,0.9723233580589294,51632.0,0.9759377837181091,17621.0,0.9834873676300049,6601.0,0.9874781370162964,10302.0,0.9859214425086975,7103.0,0.9849309325218201,7167.0,0.9878321886062622,7150.0,0.9701516628265381,6265.0,0.9806730151176453,4398.0,0.98482346534729,13310.0,0.9760104417800903,55149.0,0.971657395362854,14607.0,,,,,,88,105197,0.9765669703483582,0.9276508688926697
0.5516613125801086,0.32496193051338196,146.0,0.3262108266353607,156.0,0.3236822485923767,149.6666717529297,0.33191388845443726,469.6666564941406,0.3304597735404968,232.0,0.31511253118515015,103.66666412353516,0.3265306055545807,114.33333587646484,0.3333333432674408,55.33333206176758,0.3305908739566803,445.6666564941406,0.3113367259502411,131.3333282470703,0.26050689816474915,692.6666870117188,0.2981443703174591,1790.3333740234375,0.30478984117507935,568.3333129882812,0.1383121907711029,3468.0,0.31794294714927673,296.0,0.31861093640327454,988.6666870117188,0.29008248448371887,1657.0,0.2522251307964325,886.3333129882812,0.30588236451148987,425.0,0.28913798928260803,862.3333129882812,0.32878389954566956,1270.0,0.3194369375705719,1231.3333740234375,0.19819694757461548,2403.333251953125,0.15683308243751526,1762.6666259765625,0.3176308274269104,2575.666748046875,0.24903862178325653,1444.6666259765625,0.2829183042049408,1271.6666259765625,0.31731051206588745,1518.6666259765625,0.09090909361839294,10626.0,0.15638570487499237,4247.33349609375,0.33021223545074463,356.0,0.3323201537132263,109.66666412353516,0.33026114106178284,289.3333435058594,0.3316831588745117,134.6666717529297,0.3175787627696991,134.0,0.3284552991390228,205.0,0.3320634961128235,350.0,0.33208954334259033,178.6666717529297,0.3285158574581146,1914.3333740234375,0.3295779526233673,621.3333129882812,0.33291351795196533,264.6666564941406,0.3325163424015045,408.0,0.3298429250717163,254.6666717529297,0.3316062092781067,257.3333435058594,0.33003300428390503,269.3333435058594,0.32320308685302734,230.3333282470703,0.33139535784721375,172.0,0.3328547477722168,464.3333435058594,0.327741414308548,1987.0,0.329898864030838,582.3333129882812,0.27272728085517883,0.7373939752578735,0.4149365723133087,0.9870679378509521,0.9340101480484009,89,106379,,
,0.9757606983184814,3878.0,0.9794139266014099,4129.0,0.9352238178253174,3597.0,0.9826627373695374,12228.0,0.9816610813140869,6598.0,0.955917239189148,2949.0,0.9737353920936584,3084.0,0.9804195761680603,1430.0,0.9722726345062256,12118.0,0.9370239973068237,3414.0,0.0,0.0,0.0,0.0,0.0,0.0,0.0,0.0,0.0,0.0,0.0,0.0,0.0,0.0,0.0,0.0,0.0,0.0,0.0,0.0,0.0,0.0,0.0,0.0,0.0,0.0,0.0,0.0,0.0,0.0,0.0,0.0,0.0,0.0,0.0,0.0,0.0,0.0,0.0,0.0,0.9883830547332764,9555.0,0.9891616106033325,3137.0,0.9728745222091675,7963.0,0.9845089912414551,3615.0,0.9670236706733704,3548.0,0.9715016484260559,5474.0,0.9864738583564758,9611.0,0.9854257702827454,4803.0,0.9720328450202942,51632.0,0.9740650653839111,17621.0,0.9851537942886353,6601.0,0.9871869683265686,10302.0,0.9852175116539001,7103.0,0.9854890704154968,7167.0,0.9864335656166077,7150.0,0.9744613170623779,6265.0,0.9779444932937622,4398.0,0.9851990938186646,13310.0,0.9779869318008423,55149.0,0.9712466597557068,14607.0,,,,,,89,106379,0.9770199060440063,0.9352238178253174
0.6240859031677246,0.33028918504714966,146.0,0.33190882205963135,156.0,0.32590943574905396,149.6666717529297,0.33191388845443726,469.6666564941406,0.3309386968612671,232.0,0.3290461003780365,103.66666412353516,0.33236151933670044,114.33333587646484,0.3313252925872803,55.33333206176758,0.3320867717266083,445.6666564941406,0.32402709126472473,131.3333282470703,0.27606675028800964,692.6666870117188,0.30372992157936096,1790.3333740234375,0.3042033314704895,568.3333129882812,0.2077726572751999,3468.0,0.31418919563293457,296.0,0.3141155242919922,988.6666870117188,0.3020183742046356,1657.0,0.23154067993164062,886.3333129882812,0.31346404552459717,425.0,0.2745780050754547,862.3333129882812,0.3243219554424286,1270.0,0.3036455512046814,1231.3333740234375,0.19856680929660797,2403.333251953125,0.15450075268745422,1762.6666259765625,0.30576765537261963,2575.666748046875,0.24373173713684082,1444.6666259765625,0.2746177315711975,1271.6666259765625,0.3119695484638214,1518.6666259765625,0.16411526501178741,10626.0,0.15444985032081604,4247.33349609375,0.3323970139026642,356.0,0.3323201537132263,109.66666412353516,0.33102917671203613,289.3333435058594,0.33250823616981506,134.6666717529297,0.32752901315689087,134.0,0.3311653137207031,205.0,0.33269840478897095,350.0,0.33208954334259033,178.6666717529297,0.3307214677333832,1914.3333740234375,0.33100858330726624,621.3333129882812,0.33291351795196533,264.6666564941406,0.33169934153556824,408.0,0.3311518132686615,254.6666717529297,0.3303108811378479,257.3333435058594,0.3316831588745117,269.3333435058594,0.33285093307495117,230.3333282470703,0.3301033675670624,172.0,0.3318975865840912,464.3333435058594,0.32544875144958496,1987.0,0.3289448618888855,582.3333129882812,0.4633495509624481,0.8013121485710144,0.6233179569244385,0.9901072978973389,0.9720812439918518,90,107561,,
,0.9755028486251831,3878.0,0.9794139266014099,4129.0,0.9380038976669312,3597.0,0.9845436811447144,12228.0,0.9827220439910889,6598.0,0.9555781483650208,2949.0,0.969520092010498,3084.0,0.9790209531784058,1430.0,0.9709523320198059,12118.0,0.9358523488044739,3414.0,0.0,0.0,0.0,0.0,0.0,0.0,0.0,0.0,0.0,0.0,0.0,0.0,0.0,0.0,0.0,0.0,0.0,0.0,0.0,0.0,0.0,0.0,0.0,0.0,0.0,0.0,0.0,0.0,0.0,0.0,0.0,0.0,0.0,0.0,0.0,0.0,0.0,0.0,0.0,0.0,0.9880690574645996,9555.0,0.9862926602363586,3137.0,0.9735024571418762,7963.0,0.9789764881134033,3615.0,0.9670236706733704,3548.0,0.9691267609596252,5474.0,0.9881386160850525,9611.0,0.9862585663795471,4803.0,0.9723427295684814,51632.0,0.974348783493042,17621.0,0.9859112501144409,6601.0,0.9858279824256897,10302.0,0.9873293042182922,7103.0,0.9840937852859497,7167.0,0.9858741164207458,7150.0,0.9722266793251038,6265.0,0.9836289286613464,4398.0,0.9844477772712708,13310.0,0.9768807888031006,55149.0,0.9702197313308716,14607.0,,,,,,90,107561,0.9767587184906006,0.9358523488044739
0.5170244574546814,0.3325723111629486,146.0,0.32977208495140076,156.0,0.32665181159973145,149.6666717529297,0.3323870301246643,469.6666564941406,0.3304597735404968,232.0,0.3258306682109833,103.66666412353516,0.3304179012775421,114.33333587646484,0.3333333432674408,55.33333206176758,0.3318374454975128,445.6666564941406,0.32487308979034424,131.3333282470703,0.27718961238861084,692.6666870117188,0.3003165125846863,1790.3333740234375,0.30361682176589966,568.3333129882812,0.20005126297473907,3468.0,0.3145645558834076,296.0,0.3207462430000305,988.6666870117188,0.2466304451227188,1657.0,0.24495424330234528,886.3333129882812,0.3113725483417511,425.0,0.29055532813072205,862.3333129882812,0.3289588987827301,1270.0,0.31871503591537476,1231.3333740234375,0.1638927459716797,2403.333251953125,0.1567700356245041,1762.6666259765625,0.317587673664093,2575.666748046875,0.25111523270606995,1444.6666259765625,0.28213194012641907,1271.6666259765625,0.3170178532600403,1518.6666259765625,0.06800928711891174,10626.0,0.155862495303154,4247.33349609375,0.3333333432674408,356.0,0.3323201537132263,109.66666412353516,0.33102917671203613,289.3333435058594,0.3316831588745117,134.6666717529297,0.32918739318847656,134.0,0.33224931359291077,205.0,0.3333333432674408,350.0,0.33271142840385437,178.6666717529297,0.329734742641449,1914.3333740234375,0.33208152651786804,621.3333129882812,0.3333333432674408,264.6666564941406,0.331971675157547,408.0,0.3324607312679291,254.6666717529297,0.33246979117393494,257.3333435058594,0.33127063512802124,269.3333435058594,0.32947418093681335,230.3333282470703,0.33139535784721375,172.0,0.3330940306186676,464.3333435058594,0.3298104405403137,1987.0,0.32951727509498596,582.3333129882812,0.20402786135673523,0.777389407157898,0.6001538038253784,0.9926698207855225,0.9746192693710327,91,108743,,
,0.9757606983184814,3878.0,0.9803826808929443,4129.0,0.938559889793396,3597.0,0.9824174046516418,12228.0,0.9824188947677612,6598.0,0.9552390575408936,2949.0,0.9779506921768188,3084.0,0.9783216714859009,1430.0,0.9758210778236389,12118.0,0.9381956458091736,3414.0,0.0,0.0,0.0,0.0,0.0,0.0,0.0,0.0,0.0,0.0,0.0,0.0,0.0,0.0,0.0,0.0,0.0,0.0,0.0,0.0,0.0,0.0,0.0,0.0,0.0,0.0,0.0,0.0,0.0,0.0,0.0,0.0,0.0,0.0,0.0,0.0,0.0,0.0,0.0,0.0,0.9899529218673706,9555.0,0.9888428449630737,3137.0,0.973628044128418,7963.0,0.9822959899902344,3615.0,0.967869222164154,3548.0,0.9711362719535828,5474.0,0.9872021675109863,9611.0,0.9850093722343445,4803.0,0.9724008440971375,51632.0,0.975881040096283,17621.0,0.9834873676300049,6601.0,0.9883517622947693,10302.0,0.9867661595344543,7103.0,0.9824194312095642,7167.0,0.9874125719070435,7150.0,0.9747804999351501,6265.0,0.9820373058319092,4398.0,0.9816679358482361,13310.0,0.9767175912857056,55149.0,0.9712466597557068,14607.0,,,,,,91,108743,0.977158784866333,0.9381956458091736
0.5349542498588562,0.3318112790584564,146.0,0.3311965763568878,156.0,0.3273942172527313,149.6666717529297,0.33167731761932373,469.6666564941406,0.3318965435028076,232.0,0.3247588574886322,103.66666412353516,0.3313896954059601,114.33333587646484,0.3333333432674408,55.33333206176758,0.33108949661254883,445.6666564941406,0.32487308979034424,131.3333282470703,0.2811998724937439,692.6666870117188,0.25718364119529724,1790.3333740234375,0.31730204820632935,568.3333129882812,0.22625912725925446,3468.0,0.3235735595226288,296.0,0.3233310878276825,988.6666870117188,0.27626901865005493,1657.0,0.25398018956184387,886.3333129882812,0.3150326907634735,425.0,0.2993170917034149,862.3333129882812,0.3270341157913208,1270.0,0.30833783745765686,1231.3333740234375,0.16426260769367218,2403.333251953125,0.15557236969470978,1762.6666259765625,0.3125835955142975,2575.666748046875,0.24903862178325653,1444.6666259765625,0.2791612148284912,1271.6666259765625,0.3137986361980438,1518.6666259765625,0.08794989436864853,10626.0,0.155522421002388,4247.33349609375,0.33270910382270813,356.0,0.3323201537132263,109.66666412353516,0.33102917671203613,289.3333435058594,0.33250823616981506,134.6666717529297,0.32918739318847656,134.0,0.33170732855796814,205.0,0.33269840478897095,350.0,0.3333333432674408,178.6666717529297,0.3307214677333832,1914.3333740234375,0.33154505491256714,621.3333129882812,0.3320738971233368,264.6666564941406,0.3325163424015045,408.0,0.3324607312679291,254.6666717529297,0.33246979117393494,257.3333435058594,0.3308580815792084,269.3333435058594,0.3304389715194702,230.3333282470703,0.33204135298728943,172.0,0.3309404253959656,464.3333435058594,0.329754501581192,1987.0,0.329708069562912,582.3333129882812,0.263849675655365,0.8020570874214172,0.6787773966789246,0.9927294254302979,0.9742765426635742,92,109925,,
,0.979886531829834,3878.0,0.9765076041221619,4129.0,0.9413400292396545,3597.0,0.9854432344436646,12228.0,0.9790845513343811,6598.0,0.9477788805961609,2949.0,0.9763294458389282,3084.0,0.9860140085220337,1430.0,0.9754909873008728,12118.0,0.9323374629020691,3414.0,0.0,0.0,0.0,0.0,0.0,0.0,0.0,0.0,0.0,0.0,0.0,0.0,0.0,0.0,0.0,0.0,0.0,0.0,0.0,0.0,0.0,0.0,0.0,0.0,0.0,0.0,0.0,0.0,0.0,0.0,0.0,0.0,0.0,0.0,0.0,0.0,0.0,0.0,0.0,0.0,0.9883830547332764,9555.0,0.9888428449630737,3137.0,0.9747582674026489,7963.0,0.9845089912414551,3615.0,0.9695603251457214,3548.0,0.9707708954811096,5474.0,0.9870980978012085,9611.0,0.9852175712585449,4803.0,0.9732336401939392,51632.0,0.975143313407898,17621.0,0.9828813672065735,6601.0,0.9891283512115479,10302.0,0.9877516627311707,7103.0,0.9833961129188538,7167.0,0.9864335656166077,7150.0,0.9739824533462524,6265.0,0.979081392288208,4398.0,0.9833959341049194,13310.0,0.9774973392486572,55149.0,0.9713835716247559,14607.0,,,,,,92,109925,0.9774299263954163,0.9323374629020691
0.5730124115943909,0.3264840245246887,146.0,0.3311965763568878,156.0,0.32665181159973145,149.6666717529297,0.3323870301246643,469.6666564941406,0.3318965435028076,232.0,0.321543425321579,103.66666412353516,0.3284742534160614,114.33333587646484,0.3333333432674408,55.33333206176758,0.3318374454975128,445.6666564941406,0.3172588646411896,131.3333282470703,0.2435033768415451,692.6666870117188,0.2903245985507965,1790.3333740234375,0.302052766084671,568.3333129882812,0.2384018898010254,3468.0,0.314939945936203,296.0,0.3199595510959625,988.6666870117188,0.28478509187698364,1657.0,0.2462078481912613,886.3333129882812,0.3113725483417511,425.0,0.29145729541778564,862.3333129882812,0.3253718316555023,1270.0,0.30084821581840515,1231.3333740234375,0.18469716608524323,2403.333251953125,0.15317700803279877,1762.6666259765625,0.3047323226928711,2575.666748046875,0.2447315901517868,1444.6666259765625,0.2756662368774414,1271.6666259765625,0.3023119866847992,1518.6666259765625,0.12443273514509201,10626.0,0.1524093598127365,4247.33349609375,0.3317727744579315,356.0,0.3333333432674408,109.66666412353516,0.331413209438324,289.3333435058594,0.3333333432674408,134.6666717529297,0.3208955228328705,134.0,0.32953929901123047,205.0,0.33174601197242737,350.0,0.3314676582813263,178.6666717529297,0.32985082268714905,1914.3333740234375,0.32993564009666443,621.3333129882812,0.33249369263648987,264.6666564941406,0.33224400877952576,408.0,0.3311518132686615,254.6666717529297,0.33074265718460083,257.3333435058594,0.3320957124233246,269.3333435058594,0.32947418093681335,230.3333282470703,0.33074936270713806,172.0,0.332136869430542,464.3333435058594,0.3300900161266327,1987.0,0.329898864030838,582.3333129882812,0.37329819798469543,0.8174421191215515,0.7152056694030762,0.9910309910774231,0.9517766237258911,93,111107,,
,0.9767921566963196,3878.0,0.9789295196533203,4129.0,0.9363358616828918,3597.0,0.9836440682411194,12228.0,0.9824188947677612,6598.0,0.9518480896949768,2949.0,0.9740596413612366,3084.0,0.977622389793396,1430.0,0.9731804132461548,12118.0,0.9414176940917969,3414.0,0.0,0.0,0.0,0.0,0.0,0.0,0.0,0.0,0.0,0.0,0.0,0.0,0.0,0.0,0.0,0.0,0.0,0.0,0.0,0.0,0.0,0.0,0.0,0.0,0.0,0.0,0.0,0.0,0.0,0.0,0.0,0.0,0.0,0.0,0.0,0.0,0.0,0.0,0.0,0.0,0.9881737232208252,9555.0,0.9869301915168762,3137.0,0.9727489352226257,7963.0,0.9831258654594421,3615.0,0.9673055410385132,3548.0,0.9704055786132812,5474.0,0.9873062372207642,9611.0,0.9858421683311462,4803.0,0.9733886122703552,51632.0,0.9758242964744568,17621.0,0.9846993088722229,6601.0,0.9880605936050415,10302.0,0.9849359393119812,7103.0,0.9845123291015625,7167.0,0.9865733981132507,7150.0,0.973503589630127,6265.0,0.9809004068374634,4398.0,0.9807663559913635,13310.0,0.9770984053611755,55149.0,0.9719312787055969,14607.0,,,,,,93,111107,0.9771257638931274,0.9363358616828918
0.5286876559257507,0.3333333432674408,146.0,0.3333333432674408,156.0,0.3236822485923767,149.6666717529297,0.3312041461467743,469.6666564941406,0.33237549662590027,232.0,0.3290461003780365,103.66666412353516,0.3333333432674408,114.33333587646484,0.3333333432674408,55.33333206176758,0.33233606815338135,445.6666564941406,0.31979694962501526,131.3333282470703,0.27398139238357544,692.6666870117188,0.3122944235801697,1790.3333740234375,0.3053763508796692,568.3333129882812,0.2257465124130249,3468.0,0.3190690577030182,296.0,0.3251292407512665,988.6666870117188,0.2629249691963196,1657.0,0.262128621339798,886.3333129882812,0.3171241879463196,425.0,0.2998324930667877,862.3333129882812,0.3293963372707367,1270.0,0.3186247944831848,1231.3333740234375,0.14683310687541962,2403.333251953125,0.15784165263175964,1762.6666259765625,0.31784650683403015,2575.666748046875,0.2518843114376068,1444.6666259765625,0.2851026654243469,1271.6666259765625,0.3147497773170471,1518.6666259765625,0.08150866627693176,10626.0,0.15664730966091156,4247.33349609375,0.33302122354507446,356.0,0.3333333432674408,109.66666412353516,0.33102917671203613,289.3333435058594,0.33250823616981506,134.6666717529297,0.3283582031726837,134.0,0.3327913284301758,205.0,0.3333333432674408,350.0,0.3333333432674408,178.6666717529297,0.33019909262657166,1914.3333740234375,0.3306509256362915,621.3333129882812,0.33291351795196533,264.6666564941406,0.33224400877952576,408.0,0.33289703726768494,254.6666717529297,0.33290156722068787,257.3333435058594,0.3316831588745117,269.3333435058594,0.33236855268478394,230.3333282470703,0.3301033675670624,172.0,0.332615464925766,464.3333435058594,0.32667896151542664,1987.0,0.32932648062705994,582.3333129882812,0.2445259988307953,0.8206222653388977,0.6772395372390747,0.9912693500518799,0.9593908786773682,94,112289,,
,0.9752449989318848,3878.0,0.9750545024871826,4129.0,0.9410619735717773,3597.0,0.9838894605636597,12228.0,0.9821158051490784,6598.0,0.9518480896949768,2949.0,0.9734111428260803,3084.0,0.9804195761680603,1430.0,0.9740056395530701,12118.0,0.9449326395988464,3414.0,0.0,0.0,0.0,0.0,0.0,0.0,0.0,0.0,0.0,0.0,0.0,0.0,0.0,0.0,0.0,0.0,0.0,0.0,0.0,0.0,0.0,0.0,0.0,0.0,0.0,0.0,0.0,0.0,0.0,0.0,0.0,0.0,0.0,0.0,0.0,0.0,0.0,0.0,0.0,0.0,0.9888016581535339,9555.0,0.9913930296897888,3137.0,0.9758884906768799,7963.0,0.9850622415542603,3615.0,0.9644870162010193,3548.0,0.9694921374320984,5474.0,0.9869940876960754,9611.0,0.9854257702827454,4803.0,0.9728269577026367,51632.0,0.9742920398712158,17621.0,0.9830328822135925,6601.0,0.9892253875732422,10302.0,0.9863438010215759,7103.0,0.9842333197593689,7167.0,0.9885314702987671,7150.0,0.9717478156089783,6265.0,0.9811277985572815,4398.0,0.9847483038902283,13310.0,0.9760104417800903,55149.0,0.9730951189994812,14607.0,,,,,,94,112289,0.9771885871887207,0.9410619735717773
0.5847814083099365,0.32952815294265747,146.0,0.3333333432674408,156.0,0.32219746708869934,149.6666717529297,0.33191388845443726,469.6666564941406,0.33285441994667053,232.0,0.32261523604393005,103.66666412353516,0.3304179012775421,114.33333587646484,0.3333333432674408,55.33333206176758,0.3325853943824768,445.6666564941406,0.32233503460884094,131.3333282470703,0.26740455627441406,692.6666870117188,0.3086327612400055,1790.3333740234375,0.307331383228302,568.3333129882812,0.2714981436729431,3468.0,0.32319819927215576,296.0,0.31849852204322815,988.6666870117188,0.2873331904411316,1657.0,0.2642597556114197,886.3333129882812,0.3126797378063202,425.0,0.27702614665031433,862.3333129882812,0.32799649238586426,1270.0,0.31293991208076477,1231.3333740234375,0.19611650705337524,2403.333251953125,0.15658093988895416,1762.6666259765625,0.31396403908729553,2575.666748046875,0.2474234700202942,1444.6666259765625,0.2818697988986969,1271.6666259765625,0.31540825963020325,1518.6666259765625,0.12344982475042343,10626.0,0.1558363437652588,4247.33349609375,0.33114856481552124,356.0,0.3323201537132263,109.66666412353516,0.331413209438324,289.3333435058594,0.3316831588745117,134.6666717529297,0.3192371428012848,134.0,0.3311653137207031,205.0,0.33301588892936707,350.0,0.33208954334259033,178.6666717529297,0.33031517267227173,1914.3333740234375,0.33047211170196533,621.3333129882812,0.33291351795196533,264.6666564941406,0.33224400877952576,408.0,0.3333333432674408,254.6666717529297,0.33246979117393494,257.3333435058594,0.3316831588745117,269.3333435058594,0.33092138171195984,230.3333282470703,0.33139535784721375,172.0,0.332136869430542,464.3333435058594,0.32908347249031067,1987.0,0.329708069562912,582.3333129882812,0.3703494668006897,0.8629383444786072,0.792779266834259,0.9915971159934998,0.9577114582061768,95,113471,,
,0.9804022908210754,3878.0,0.9794139266014099,4129.0,0.9382818937301636,3597.0,0.9841347932815552,12228.0,0.983782947063446,6598.0,0.9525262713432312,2949.0,0.9769779443740845,3084.0,0.9783216714859009,1430.0,0.973427951335907,12118.0,0.9358523488044739,3414.0,0.0,0.0,0.0,0.0,0.0,0.0,0.0,0.0,0.0,0.0,0.0,0.0,0.0,0.0,0.0,0.0,0.0,0.0,0.0,0.0,0.0,0.0,0.0,0.0,0.0,0.0,0.0,0.0,0.0,0.0,0.0,0.0,0.0,0.0,0.0,0.0,0.0,0.0,0.0,0.0,0.9904761910438538,9555.0,0.9882053136825562,3137.0,0.9751350283622742,7963.0,0.9856154918670654,3615.0,0.9695603251457214,3548.0,0.9716843366622925,5474.0,0.9883466958999634,9611.0,0.9856339693069458,4803.0,0.9735241532325745,51632.0,0.9746893048286438,17621.0,0.9846993088722229,6601.0,0.9867016077041626,10302.0,0.9839504361152649,7103.0,0.9845123291015625,7167.0,0.9869930148124695,7150.0,0.9739824533462524,6265.0,0.9806730151176453,4398.0,0.9845229387283325,13310.0,0.9779325127601624,55149.0,0.9695351719856262,14607.0,,,,,,95,113471,0.9776018857955933,0.9358523488044739
0.5230206847190857,0.32952815294265747,146.0,0.3326210677623749,156.0,0.32219746708869934,149.6666717529297,0.3304944336414337,469.6666564941406,0.33141762018203735,232.0,0.3258306682109833,103.66666412353516,0.3284742534160614,114.33333587646484,0.32931727170944214,55.33333206176758,0.3313388228416443,445.6666564941406,0.32064297795295715,131.3333282470703,0.2762271463871002,692.6666870117188,0.2960963249206543,1790.3333740234375,0.31515151262283325,568.3333129882812,0.24641163647174835,3468.0,0.31794294714927673,296.0,0.3227691650390625,988.6666870117188,0.2708375155925751,1657.0,0.2453303337097168,886.3333129882812,0.31111112236976624,425.0,0.2953227758407593,862.3333129882812,0.3273840844631195,1270.0,0.3084280788898468,1231.3333740234375,0.17068886756896973,2403.333251953125,0.15374432504177094,1762.6666259765625,0.3117639422416687,2575.666748046875,0.24788494408130646,1444.6666259765625,0.2776758372783661,1271.6666259765625,0.3128475248813629,1518.6666259765625,0.07744107395410538,10626.0,0.15392665565013885,4247.33349609375,0.3323970139026642,356.0,0.3323201537132263,109.66666412353516,0.3317972421646118,289.3333435058594,0.33003300428390503,134.6666717529297,0.326699823141098,134.0,0.33224931359291077,205.0,0.33301588892936707,350.0,0.33271142840385437,178.6666717529297,0.3309536278247833,1914.3333740234375,0.3311873972415924,621.3333129882812,0.33291351795196533,264.6666564941406,0.33224400877952576,408.0,0.3324607312679291,254.6666717529297,0.3333333432674408,257.3333435058594,0.3320957124233246,269.3333435058594,0.33285093307495117,230.3333282470703,0.33139535784721375,172.0,0.3328547477722168,464.3333435058594,0.3219258487224579,1987.0,0.3314253091812134,582.3333129882812,0.23232322931289673,0.8306497931480408,0.7359910011291504,0.9886472225189209,0.9619289636611938,96,114653,,
,0.977307915687561,3878.0,0.9769920110702515,4129.0,0.9396719336509705,3597.0,0.9849525690078735,12228.0,0.9830251336097717,6598.0,0.952187180519104,2949.0,0.972438395023346,3084.0,0.9839161038398743,1430.0,0.9729328155517578,12118.0,0.9384886026382446,3414.0,0.0,0.0,0.0,0.0,0.0,0.0,0.0,0.0,0.0,0.0,0.0,0.0,0.0,0.0,0.0,0.0,0.0,0.0,0.0,0.0,0.0,0.0,0.0,0.0,0.0,0.0,0.0,0.0,0.0,0.0,0.0,0.0,0.0,0.0,0.0,0.0,0.0,0.0,0.0,0.0,0.9895342588424683,9555.0,0.9866114258766174,3137.0,0.9747582674026489,7963.0,0.9834024906158447,3615.0,0.9681510925292969,3548.0,0.9729630947113037,5474.0,0.9870980978012085,9611.0,0.9858421683311462,4803.0,0.9738534092903137,51632.0,0.9744055271148682,17621.0,0.9839418530464172,6601.0,0.9866045713424683,10302.0,0.9876108765602112,7103.0,0.9850704669952393,7167.0,0.9896503686904907,7150.0,0.972865104675293,6265.0,0.9777171611785889,4398.0,0.984222412109375,13310.0,0.9787666201591492,55149.0,0.9715889692306519,14607.0,,,,,,96,114653,0.977790355682373,0.9384886026382446
0.5534836649894714,0.32952815294265747,146.0,0.33190882205963135,156.0,0.3281365931034088,149.6666717529297,0.3321504592895508,469.6666564941406,0.33285441994667053,232.0,0.3258306682109833,103.66666412353516,0.3304179012775421,114.33333587646484,0.3333333432674408,55.33333206176758,0.3320867717266083,445.6666564941406,0.32233503460884094,131.3333282470703,0.27767083048820496,692.6666870117188,0.31260472536087036,1790.3333740234375,0.3104594349861145,568.3333129882812,0.2811739146709442,3468.0,0.3216966986656189,296.0,0.3207462430000305,988.6666870117188,0.3008784353733063,1657.0,0.2601228654384613,886.3333129882812,0.3121568560600281,425.0,0.2872052490711212,862.3333129882812,0.3237970173358917,1270.0,0.298863023519516,1231.3333740234375,0.19209431111812592,2403.333251953125,0.1489536017179489,1762.6666259765625,0.3007635474205017,2575.666748046875,0.24396246671676636,1444.6666259765625,0.26850152015686035,1271.6666259765625,0.300263375043869,1518.6666259765625,0.10920801758766174,10626.0,0.15120598673820496,4247.33349609375,0.33302122354507446,356.0,0.3333333432674408,109.66666412353516,0.331413209438324,289.3333435058594,0.33250823616981506,134.6666717529297,0.3283582031726837,134.0,0.33224931359291077,205.0,0.3333333432674408,350.0,0.3333333432674408,178.6666717529297,0.33083754777908325,1914.3333740234375,0.3311873972415924,621.3333129882812,0.33249369263648987,264.6666564941406,0.331971675157547,408.0,0.3311518132686615,254.6666717529297,0.33074265718460083,257.3333435058594,0.3316831588745117,269.3333435058594,0.32947418093681335,230.3333282470703,0.33139535784721375,172.0,0.332136869430542,464.3333435058594,0.3291394114494324,1987.0,0.33008965849876404,582.3333129882812,0.32762405276298523,0.8832225799560547,0.7803685665130615,0.9926102757453918,0.9670050740242004,97,115835,,
,0.9806601405143738,3878.0,0.9791716933250427,4129.0,0.9357798099517822,3597.0,0.9861792325973511,12228.0,0.9827220439910889,6598.0,0.9565954804420471,2949.0,0.9743838906288147,3084.0,0.9818181991577148,1430.0,0.9727677702903748,12118.0,0.9414176940917969,3414.0,0.0,0.0,0.0,0.0,0.0,0.0,0.0,0.0,0.0,0.0,0.0,0.0,0.0,0.0,0.0,0.0,0.0,0.0,0.0,0.0,0.0,0.0,0.0,0.0,0.0,0.0,0.0,0.0,0.0,0.0,0.0,0.0,0.0,0.0,0.0,0.0,0.0,0.0,0.0,0.0,0.9893249869346619,9555.0,0.9859738349914551,3137.0,0.9770187139511108,7963.0,0.9864453673362732,3615.0,0.9726606607437134,3548.0,0.9709535837173462,5474.0,0.9895952343940735,9611.0,0.9843847751617432,4803.0,0.9736791253089905,51632.0,0.9763917922973633,17621.0,0.9854567646980286,6601.0,0.9880605936050415,10302.0,0.986062228679657,7103.0,0.986186683177948,7167.0,0.9869930148124695,7150.0,0.9733439683914185,6265.0,0.9804456830024719,4398.0,0.983696460723877,13310.0,0.9777693152427673,55149.0,0.9723420143127441,14607.0,,,,,,97,115835,0.978071391582489,0.9357798099517822
0.5477814078330994,0.3280060887336731,146.0,0.32905980944633484,156.0,0.3155159652233124,149.6666717529297,0.33167731761932373,469.6666564941406,0.3304597735404968,232.0,0.3301179111003876,103.66666412353516,0.3284742534160614,114.33333587646484,0.3333333432674408,55.33333206176758,0.3328346908092499,445.6666564941406,0.3130287826061249,131.3333282470703,0.25681746006011963,692.6666870117188,0.29286912083625793,1790.3333740234375,0.30772238969802856,568.3333129882812,0.20021146535873413,3468.0,0.3175675570964813,296.0,0.31782421469688416,988.6666870117188,0.2841145396232605,1657.0,0.2465839385986328,886.3333129882812,0.3137255012989044,425.0,0.27728384733200073,862.3333129882812,0.32397201657295227,1270.0,0.3034650981426239,1231.3333740234375,0.1939898282289505,2403.333251953125,0.1519162803888321,1762.6666259765625,0.3039989769458771,2575.666748046875,0.2447315901517868,1444.6666259765625,0.2734818756580353,1271.6666259765625,0.30875036120414734,1518.6666259765625,0.09945207834243774,10626.0,0.1524878293275833,4247.33349609375,0.33270910382270813,356.0,0.3333333432674408,109.66666412353516,0.33218124508857727,289.3333435058594,0.3308580815792084,134.6666717529297,0.32504144310951233,134.0,0.33224931359291077,205.0,0.3333333432674408,350.0,0.33271142840385437,178.6666717529297,0.3300829827785492,1914.3333740234375,0.33136624097824097,621.3333129882812,0.33291351795196533,264.6666564941406,0.331971675157547,408.0,0.33289703726768494,254.6666717529297,0.332038015127182,257.3333435058594,0.3320957124233246,269.3333435058594,0.33285093307495117,230.3333282470703,0.33139535784721375,172.0,0.3328547477722168,464.3333435058594,0.3288038969039917,1987.0,0.32951727509498596,582.3333129882812,0.29835623502731323,0.7842367887496948,0.6006343960762024,0.9912991523742676,0.9390863180160522,98,117017,,
,0.9762764573097229,3878.0,0.9813514351844788,4129.0,0.9371698498725891,3597.0,0.983316957950592,12228.0,0.986056387424469,6598.0,0.9569345712661743,2949.0,0.9734111428260803,3084.0,0.9846153855323792,1430.0,0.9751608967781067,12118.0,0.9405389428138733,3414.0,0.0,0.0,0.0,0.0,0.0,0.0,0.0,0.0,0.0,0.0,0.0,0.0,0.0,0.0,0.0,0.0,0.0,0.0,0.0,0.0,0.0,0.0,0.0,0.0,0.0,0.0,0.0,0.0,0.0,0.0,0.0,0.0,0.0,0.0,0.0,0.0,0.0,0.0,0.0,0.0,0.9888016581535339,9555.0,0.9901179671287537,3137.0,0.9765163660049438,7963.0,0.9867219924926758,3615.0,0.9673055410385132,3548.0,0.9760686755180359,5474.0,0.9872021675109863,9611.0,0.9872996211051941,4803.0,0.9739696383476257,51632.0,0.9762783050537109,17621.0,0.9833358526229858,6601.0,0.9895166158676147,10302.0,0.9883148074150085,7103.0,0.9833961129188538,7167.0,0.9872727394104004,7150.0,0.9754189848899841,6265.0,0.9797635078430176,4398.0,0.9847483038902283,13310.0,0.9782770276069641,55149.0,0.9717258810997009,14607.0,,,,,,98,117017,0.9783094525337219,0.9371698498725891
0.5344016551971436,0.33028918504714966,146.0,0.32977208495140076,156.0,0.3251670300960541,149.6666717529297,0.33167731761932373,469.6666564941406,0.33141762018203735,232.0,0.3247588574886322,103.66666412353516,0.3313896954059601,114.33333587646484,0.3333333432674408,55.33333206176758,0.3318374454975128,445.6666564941406,0.31979694962501526,131.3333282470703,0.25296759605407715,692.6666870117188,0.3117358684539795,1790.3333740234375,0.30166175961494446,568.3333129882812,0.26121363043785095,3468.0,0.3033033013343811,296.0,0.31793662905693054,988.6666870117188,0.295782208442688,1657.0,0.2835652530193329,886.3333129882812,0.3024836480617523,425.0,0.2712279260158539,862.3333129882812,0.32685914635658264,1270.0,0.3073452413082123,1231.3333740234375,0.1725381463766098,2403.333251953125,0.15513111650943756,1762.6666259765625,0.30956387519836426,2575.666748046875,0.24650053679943085,1444.6666259765625,0.28003495931625366,1271.6666259765625,0.30860403180122375,1518.6666259765625,0.08835769444704056,10626.0,0.15340344607830048,4247.33349609375,0.3333333432674408,356.0,0.33130699396133423,109.66666412353516,0.33102917671203613,289.3333435058594,0.33250823616981506,134.6666717529297,0.32918739318847656,134.0,0.33224931359291077,205.0,0.3333333432674408,350.0,0.33271142840385437,178.6666717529297,0.3300829827785492,1914.3333740234375,0.33190271258354187,621.3333129882812,0.33249369263648987,264.6666564941406,0.33169934153556824,408.0,0.3320244252681732,254.6666717529297,0.332038015127182,257.3333435058594,0.3308580815792084,269.3333435058594,0.33236855268478394,230.3333282470703,0.3301033675670624,172.0,0.3328547477722168,464.3333435058594,0.3293071687221527,1987.0,0.32932648062705994,582.3333129882812,0.26507309079170227,0.8557185530662537,0.7589027881622314,0.9920738935470581,0.9593908786773682,99,118199,,
,0.9757606983184814,3878.0,0.9803826808929443,4129.0,0.9430080652236938,3597.0,0.9846254587173462,12228.0,0.9812064170837402,6598.0,0.9552390575408936,2949.0,0.9711413979530334,3084.0,0.9811188578605652,1430.0,0.9729328155517578,12118.0,0.9434680938720703,3414.0,0.0,0.0,0.0,0.0,0.0,0.0,0.0,0.0,0.0,0.0,0.0,0.0,0.0,0.0,0.0,0.0,0.0,0.0,0.0,0.0,0.0,0.0,0.0,0.0,0.0,0.0,0.0,0.0,0.0,0.0,0.0,0.0,0.0,0.0,0.0,0.0,0.0,0.0,0.0,0.0,0.9890109896659851,9555.0,0.9869301915168762,3137.0,0.9740047454833984,7963.0,0.9853388667106628,3615.0,0.9667418003082275,3548.0,0.9727804064750671,5474.0,0.9880345463752747,9611.0,0.9850093722343445,4803.0,0.9735628962516785,51632.0,0.9753702878952026,17621.0,0.9842448234558105,6601.0,0.9879634976387024,10302.0,0.9873293042182922,7103.0,0.9867448210716248,7167.0,0.9879720211029053,7150.0,0.9717478156089783,6265.0,0.9813551902770996,4398.0,0.9840721487998962,13310.0,0.9779869318008423,55149.0,0.9726843237876892,14607.0,,,,,,99,118199,0.9778366088867188,0.9430080652236938
